7175346.00 1.10 0.00 0.00 0.00 104.00 
7200103.00 2.20 0.00 0.00 -0.01 104.00 
7225187.00 3.30 0.00 0.00 0.01 104.00 
7250119.00 4.40 0.00 0.00 0.01 104.00 
7275094.00 5.49 0.00 0.00 0.00 104.00 
7300124.00 6.59 0.00 0.00 0.01 104.00 
7325197.00 7.69 0.00 0.00 -0.34 104.00 
7350128.00 8.79 0.00 0.00 -0.27 103.00 
7375116.00 9.89 5.00 0.00 -1.45 103.00 
7400127.00 10.99 5.00 0.00 -1.25 100.00 
7425200.00 12.09 8.00 0.00 -1.94 99.00 
7450143.00 13.19 8.00 0.00 -1.97 96.00 
7475122.00 14.29 9.00 0.00 -1.61 92.00 
7500112.00 15.38 11.00 0.00 -1.12 91.00 
7525188.00 16.48 12.00 0.00 -1.17 87.00 
7550136.00 17.58 14.00 0.00 -0.86 85.00 
7575330.00 18.00 15.00 0.00 -0.20 83.00 
7600124.00 18.00 15.00 0.00 -0.98 82.00 
7625516.00 18.00 18.00 0.00 1.18 82.00 
7650317.00 18.00 18.00 0.00 1.03 82.00 
7675077.00 18.00 17.00 0.00 0.20 82.00 
7700071.00 18.00 18.00 0.00 -0.62 81.00 
7725108.00 18.00 17.00 0.00 0.08 59.00 
7750195.00 18.00 19.00 0.00 1.87 78.00 
7775095.00 18.00 17.00 0.00 1.31 79.00 
7800085.00 18.00 17.00 0.00 -0.40 79.00 
7825085.00 18.00 19.00 0.00 -0.61 77.00 
7850140.00 18.00 18.00 0.00 -0.60 76.00 
7875075.00 18.00 16.00 0.00 0.40 75.00 
7900066.00 18.00 18.00 0.00 -0.04 74.00 
7925085.00 18.00 17.00 0.00 0.24 74.00 
7950154.00 18.00 18.00 0.00 -0.31 73.00 
7975075.00 18.00 17.00 0.00 0.07 72.00 
8000072.00 18.00 17.00 0.00 0.11 72.00 
8025096.00 17.15 18.00 0.00 0.15 73.00 
8050151.00 16.29 16.00 0.00 -0.01 72.00 
8075081.00 15.44 18.00 0.00 -0.72 72.00 
8100083.00 14.58 16.00 0.00 0.06 66.00 
8125092.00 13.73 16.00 0.00 0.01 69.00 
8150155.00 12.87 15.00 0.00 0.40 66.00 
8175083.00 12.02 13.00 0.00 0.67 64.00 
8200057.00 11.16 13.00 0.00 0.99 53.00 
8225063.00 10.31 13.00 0.00 1.51 28.00 
8250232.00 9.45 11.00 0.00 2.09 18.00 
8275095.00 8.60 11.00 0.00 0.59 13.00 
8300067.00 7.74 10.00 0.00 -0.82 8.00 
8325072.00 6.89 9.00 0.00 -0.46 5.00 
8350180.00 6.03 7.00 0.00 -0.13 4.00 
8375039.00 5.18 7.00 0.00 -0.02 3.00 
8400046.00 4.33 6.00 0.00 -0.30 3.00 
8425049.00 3.47 5.00 0.00 0.23 3.00 
8450204.00 2.62 3.00 0.00 -0.25 4.00 
8475059.00 1.76 4.00 0.00 0.10 3.00 
8500045.00 0.91 1.00 0.00 0.37 3.00 
8525064.00 0.05 1.00 0.00 0.98 3.00 
8550160.00 0.00 1.00 0.00 0.56 3.00 
8575018.00 0.00 0.00 0.00 0.61 3.00 
8600021.00 0.00 0.00 0.00 0.04 3.00 
8625019.00 0.00 0.00 0.00 0.00 3.00 
8650092.00 0.00 0.00 0.00 0.02 3.00 
8675015.00 0.00 0.00 0.00 0.01 3.00 
8700000.00 0.00 0.00 0.00 -0.01 3.00 
8725007.00 0.00 0.00 0.00 0.01 3.00 
8750030.00 0.00 0.00 0.00 0.00 3.00 
8775080.00 0.00 0.00 0.00 0.00 3.00 
8800007.00 0.00 0.00 0.00 0.01 3.00 
8825010.00 0.00 0.00 0.00 0.00 3.00 
8849996.00 0.00 0.00 0.00 0.01 3.00 
8875064.00 0.00 0.00 0.00 0.02 3.00 
8899997.00 0.00 0.00 0.00 0.00 3.00 
8925003.00 0.00 0.00 0.00 0.00 3.00 
8949994.00 0.00 0.00 0.00 0.00 3.00 
8975153.00 0.00 0.00 0.00 0.01 3.00 
8999994.00 0.00 0.00 0.00 -0.01 3.00 
9025003.00 0.00 0.00 0.00 0.00 3.00 
9049982.00 0.00 0.00 0.00 0.00 3.00 
9075088.00 0.00 0.00 0.00 0.01 3.00 
9099988.00 0.00 0.00 0.00 -0.01 3.00 
9124991.00 0.00 0.00 0.00 0.00 3.00 
9149985.00 0.00 0.00 0.00 0.02 3.00 
9175062.00 0.00 0.00 0.00 0.00 3.00 
9199964.00 0.00 0.00 0.00 0.00 3.00 
9224988.00 0.00 0.00 0.00 0.01 3.00 
9249979.00 0.00 0.00 0.00 0.01 3.00 
9275044.00 0.00 0.00 0.00 0.00 3.00 
9299975.00 0.00 0.00 0.00 0.01 3.00 
9324978.00 0.00 0.00 0.00 0.00 3.00 
9350464.00 1.10 0.00 1.00 -0.01 3.00 
9375091.00 2.20 0.00 2.00 0.00 3.00 
9399988.00 3.30 0.00 3.00 0.00 3.00 
9425000.00 4.40 2.00 4.00 3.94 3.00 
9449994.00 5.49 3.00 5.00 3.28 3.00 
9475089.00 6.59 4.00 6.00 4.71 3.00 
9499979.00 7.69 6.00 7.00 5.58 3.00 
9524984.00 8.79 6.00 8.00 6.48 5.00 
9549992.00 9.89 7.00 9.00 8.68 6.00 
9575088.00 10.99 9.00 9.00 8.75 8.00 
9599981.00 12.09 9.00 9.00 9.30 10.00 
9624995.00 13.00 9.00 9.00 9.91 14.00 
9649963.00 13.00 11.00 9.00 9.78 19.00 
9675066.00 13.00 11.00 9.00 7.32 22.00 
9699943.00 13.00 14.00 9.00 8.44 25.00 
9724960.00 13.00 13.00 9.00 9.70 29.00 
9749955.00 13.00 13.00 9.00 8.38 33.00 
9774970.00 13.00 13.00 9.00 8.97 36.00 
9800137.00 13.00 14.00 9.00 8.78 40.00 
9825435.00 13.00 14.00 9.00 9.12 43.00 
9849933.00 13.00 14.00 9.00 8.47 47.00 
9874958.00 13.00 13.00 9.00 8.28 50.00 
9900034.00 13.00 13.00 9.00 9.63 55.00 
9924948.00 13.00 13.00 9.00 8.73 59.00 
9949949.00 13.00 14.00 9.00 9.14 64.00 
9974935.00 13.00 14.00 9.00 8.46 68.00 
10000028.00 13.00 14.00 9.00 8.60 72.00 
10024935.00 13.00 12.00 9.00 9.35 78.00 
10049920.00 13.00 14.00 9.00 8.58 84.00 
10074933.00 13.00 14.00 9.00 8.90 91.00 
10100034.00 12.15 12.00 8.00 8.67 98.00 
10124963.00 11.29 13.00 7.00 8.29 103.00 
10149932.00 10.44 13.00 6.00 7.39 114.00 
10174945.00 9.58 12.00 5.00 7.40 125.00 
10200045.00 8.73 10.00 4.00 4.81 131.00 
10224933.00 7.87 10.00 3.00 4.01 140.00 
10249938.00 7.02 8.00 2.00 3.46 140.00 
10274938.00 6.16 8.00 1.00 2.72 143.00 
10300019.00 5.31 8.00 0.00 1.23 144.00 
10324940.00 4.45 7.00 0.00 0.55 144.00 
10349938.00 3.60 4.00 0.00 -0.21 143.00 
10374909.00 2.74 6.00 0.00 0.05 147.00 
10399994.00 1.89 3.00 0.00 0.46 144.00 
10424926.00 1.03 4.00 0.00 0.35 144.00 
10449925.00 0.18 1.00 0.00 0.47 145.00 
10474910.00 0.00 0.00 0.00 0.52 145.00 
10500043.00 0.00 0.00 0.00 -0.01 145.00 
10524895.00 0.00 0.00 0.00 0.01 145.00 
10549878.00 0.00 0.00 0.00 0.02 145.00 
10574893.00 0.00 0.00 0.00 -0.01 145.00 
10599971.00 0.00 0.00 0.00 0.00 145.00 
10624891.00 0.00 0.00 0.00 0.00 145.00 
10649881.00 0.00 0.00 0.00 0.00 145.00 
10674892.00 0.00 0.00 0.00 0.01 145.00 
10699945.00 0.00 0.00 0.00 0.01 145.00 
10724876.00 0.00 0.00 0.00 0.00 145.00 
10749869.00 0.00 0.00 0.00 0.00 145.00 
10774877.00 0.00 0.00 0.00 0.00 145.00 
10799946.00 0.00 0.00 0.00 -0.01 145.00 
10824889.00 0.00 0.00 0.00 0.01 145.00 
10849864.00 0.00 0.00 0.00 -0.01 145.00 
10874857.00 0.00 0.00 0.00 0.02 145.00 
10899882.00 0.00 0.00 0.00 0.01 145.00 
10924938.00 0.00 0.00 0.00 0.00 145.00 
10949870.00 0.00 0.00 0.00 0.00 145.00 
10974860.00 0.00 0.00 0.00 0.00 145.00 
10999863.00 0.00 0.00 0.00 0.01 145.00 
11024936.00 0.00 0.00 0.00 0.01 145.00 
11049846.00 0.00 0.00 0.00 0.01 145.00 
11074866.00 0.00 0.00 0.00 0.01 145.00 
11099853.00 0.00 0.00 0.00 0.00 145.00 
11124924.00 0.00 0.00 0.00 -0.01 145.00 
11149850.00 0.00 0.00 0.00 0.01 145.00 
11174859.00 0.00 0.00 0.00 0.02 145.00 
11199833.00 0.00 0.00 0.00 0.00 145.00 
11224909.00 0.00 0.00 0.00 0.00 145.00 
11249851.00 0.00 0.00 0.00 0.01 145.00 
11274849.00 0.00 0.00 0.00 0.00 145.00 
11299844.00 0.00 0.00 0.00 0.01 145.00 
11325096.00 0.00 0.00 0.00 0.01 145.00 
11349832.00 0.00 0.00 0.00 0.00 145.00 
11374821.00 0.00 0.00 0.00 0.00 145.00 
11399832.00 0.00 0.00 0.00 0.01 145.00 
11425161.00 0.00 0.00 0.00 -0.01 145.00 
11450114.00 0.00 0.00 0.00 0.01 145.00 
11475097.00 0.00 0.00 0.00 0.01 145.00 
11500099.00 0.00 0.00 0.00 0.01 145.00 
11525187.00 0.00 0.00 0.00 0.01 145.00 
11550152.00 0.00 0.00 0.00 0.00 145.00 
11575068.00 0.00 0.00 0.00 0.00 145.00 
11600109.00 0.00 0.00 0.00 0.01 145.00 
11625003.00 0.00 0.00 0.00 0.00 145.00 
11650208.00 0.00 0.00 0.00 0.01 145.00 
11675088.00 0.00 0.00 0.00 0.00 145.00 
11700078.00 0.00 0.00 0.00 -0.02 145.00 
11725132.00 0.00 0.00 0.00 0.00 145.00 
11750097.00 0.00 0.00 0.00 0.00 145.00 
11775080.00 0.00 0.00 0.00 -0.01 145.00 
11800335.00 0.00 0.00 0.00 0.00 146.00 
11825090.00 0.00 0.00 0.00 0.00 145.00 
11850337.00 0.00 0.00 0.00 0.01 146.00 
11875060.00 0.00 0.00 0.00 0.01 145.00 
11900095.00 0.00 0.00 0.00 0.00 146.00 
11925073.00 0.00 0.00 0.00 0.00 145.00 
11950161.00 0.00 0.00 0.00 0.00 145.00 
11975073.00 0.00 0.00 0.00 0.00 145.00 
12000068.00 0.00 0.00 0.00 0.00 145.00 
12025522.00 0.00 0.00 0.00 0.01 146.00 
12050153.00 0.00 0.00 0.00 0.01 145.00 
12075051.00 0.00 0.00 0.00 0.00 145.00 
12100068.00 0.00 0.00 0.00 0.00 145.00 
12125015.00 0.00 0.00 0.00 0.00 145.00 
12149860.00 0.00 0.00 0.00 0.00 145.00 

51922464.00 1.10 0.00 0.00 0.00 146.00 
51947268.00 2.20 0.00 0.00 -0.02 146.00 
51972388.00 3.30 0.00 0.00 -0.18 146.00 
51997264.00 4.40 2.00 0.00 -1.58 144.00 
52022264.00 5.49 2.00 0.00 -2.40 144.00 
52047252.00 6.59 3.00 0.00 -3.36 141.00 
52072348.00 7.69 4.00 0.00 -4.11 140.00 
52097256.00 8.79 6.00 0.00 -5.44 131.00 
52122264.00 9.89 6.00 0.00 -5.83 119.00 
52147256.00 10.99 7.00 0.00 -4.04 110.00 
52172364.00 12.09 9.00 0.00 -2.78 102.00 
52197240.00 13.19 11.00 0.00 -2.05 98.00 
52222248.00 14.29 11.00 0.00 -1.15 94.00 
52247260.00 15.38 14.00 0.00 -1.29 91.00 
52272352.00 16.48 14.00 0.00 -0.09 88.00 
52297252.00 17.58 16.00 0.00 0.04 86.00 
52322252.00 18.00 17.00 0.00 -0.27 83.00 
52347224.00 18.00 17.00 0.00 -0.16 80.00 
52372232.00 18.00 19.00 0.00 0.55 78.00 
52397320.00 18.00 18.00 0.00 0.53 76.00 
52422236.00 18.00 18.00 0.00 0.68 74.00 
52447224.00 18.00 19.00 0.00 1.25 73.00 
52472228.00 18.00 18.00 0.00 1.50 73.00 
52497304.00 18.00 18.00 0.00 0.96 73.00 
52522216.00 18.00 18.00 0.00 0.55 72.00 
52547208.00 18.00 18.00 0.00 0.44 72.00 
52572216.00 18.00 18.00 0.00 1.17 71.00 
52597304.00 18.00 18.00 0.00 1.09 70.00 
52622216.00 18.00 18.00 0.00 0.68 69.00 
52647212.00 18.00 19.00 0.00 0.94 70.00 
52672232.00 17.15 18.00 0.00 0.89 70.00 
52697316.00 16.29 17.00 0.00 0.80 63.00 
52722208.00 15.44 18.00 0.00 0.92 64.00 
52747220.00 14.58 16.00 0.00 1.04 65.00 
52772220.00 13.73 17.00 0.00 1.14 65.00 
52797320.00 12.87 15.00 0.00 0.77 67.00 
52822216.00 12.02 14.00 0.00 0.96 61.00 
52847212.00 11.16 14.00 0.00 0.03 68.00 
52872192.00 10.31 13.00 0.00 -0.03 71.00 
52897356.00 9.45 11.00 0.00 0.01 70.00 
52922216.00 8.60 11.00 0.00 0.21 69.00 
52947192.00 7.74 10.00 0.00 0.72 69.00 
52972192.00 6.89 8.00 0.00 0.55 70.00 
52997384.00 6.03 8.00 0.00 0.29 69.00 
53022200.00 5.18 6.00 0.00 -0.40 69.00 
53047208.00 4.33 6.00 0.00 0.78 69.00 
53072180.00 3.47 5.00 0.00 0.51 70.00 
53097272.00 2.62 4.00 0.00 0.12 69.00 
53122188.00 1.76 4.00 0.00 0.30 70.00 
53147188.00 0.91 2.00 0.00 0.99 71.00 
53172184.00 0.05 0.00 0.00 1.04 72.00 
53197264.00 0.00 1.00 0.00 0.21 72.00 
53222152.00 0.00 1.00 0.00 0.87 73.00 
53247152.00 0.00 0.00 0.00 -0.05 73.00 
53272160.00 0.00 0.00 0.00 0.01 73.00 
53297228.00 0.00 0.00 0.00 0.01 73.00 
53322148.00 0.00 0.00 0.00 0.01 73.00 
53347152.00 0.00 0.00 0.00 0.02 73.00 
53372148.00 0.00 0.00 0.00 0.01 73.00 
53397152.00 0.00 0.00 0.00 0.02 73.00 
53422224.00 0.00 0.00 0.00 0.02 73.00 
53447152.00 0.00 0.00 0.00 0.01 73.00 
53472148.00 0.00 0.00 0.00 0.01 73.00 
53497184.00 0.00 0.00 0.00 0.00 73.00 
53522204.00 0.00 0.00 0.00 0.01 73.00 
53547128.00 0.00 0.00 0.00 0.01 73.00 
53572140.00 0.00 0.00 0.00 0.01 73.00 
53597136.00 0.00 0.00 0.00 0.01 73.00 
53622216.00 0.00 0.00 0.00 0.00 73.00 
53647136.00 0.00 0.00 0.00 0.01 73.00 
53672136.00 0.00 0.00 0.00 0.01 73.00 
53697232.00 0.00 0.00 0.00 0.01 54.00 
53722240.00 0.00 1.00 0.00 1.91 74.00 
53747136.00 0.00 0.00 0.00 0.89 74.00 
53772160.00 0.00 0.00 0.00 0.21 75.00 
53797136.00 0.00 0.00 0.00 0.00 75.00 
53822248.00 0.00 0.00 0.00 0.02 75.00 
53847120.00 0.00 0.00 0.00 0.02 75.00 
53872112.00 0.00 0.00 0.00 0.02 75.00 
53897120.00 0.00 0.00 0.00 0.01 75.00 
53922288.00 0.00 0.00 0.00 0.01 74.00 
53947128.00 0.00 0.00 0.00 0.01 75.00 
53972136.00 1.10 0.00 -1.00 0.01 74.00 
53997136.00 2.20 0.00 -2.00 0.00 75.00 
54022240.00 3.30 0.00 -3.00 0.00 75.00 
54047128.00 4.40 1.00 -4.00 -1.54 74.00 
54072140.00 5.49 2.00 -5.00 -3.79 71.00 
54097132.00 6.59 4.00 -6.00 -3.47 67.00 
54122224.00 7.69 5.00 -7.00 -6.10 62.00 
54147128.00 8.79 6.00 -8.00 -6.85 57.00 
54172136.00 9.89 6.00 -9.00 -7.48 53.00 
54197116.00 10.99 8.00 -9.00 -8.38 48.00 
54222228.00 12.09 10.00 -9.00 -9.50 43.00 
54247128.00 13.00 9.00 -9.00 -9.71 38.00 
54272112.00 13.00 11.00 -9.00 -9.77 33.00 
54297104.00 13.00 12.00 -9.00 -8.08 29.00 
54322204.00 13.00 13.00 -9.00 -8.38 26.00 
54347092.00 13.00 13.00 -9.00 -8.33 23.00 
54372092.00 13.00 15.00 -9.00 -8.34 21.00 
54397096.00 13.00 13.00 -9.00 -9.31 19.00 
54422664.00 13.00 14.00 -9.00 -7.94 18.00 
54447544.00 13.00 14.00 -9.00 -8.86 18.00 
54472104.00 13.00 13.00 -9.00 -9.36 19.00 
54497096.00 13.00 14.00 -9.00 -8.02 21.00 
54522080.00 13.00 14.00 -9.00 -9.01 24.00 
54547168.00 13.00 14.00 -9.00 -8.42 29.00 
54572084.00 13.00 12.00 -9.00 -8.64 34.00 
54597084.00 13.00 13.00 -9.00 -8.45 38.00 
54622096.00 13.00 13.00 -9.00 -8.81 44.00 
54647188.00 13.00 14.00 -9.00 -9.06 49.00 
54672072.00 13.00 13.00 -9.00 -8.80 54.00 
54697064.00 13.00 14.00 -9.00 -9.02 57.00 
54722088.00 12.15 13.00 -8.00 -8.80 61.00 
54747200.00 11.29 13.00 -7.00 -7.08 59.00 
54772096.00 10.44 12.00 -6.00 -7.13 58.00 
54797084.00 9.58 12.00 -5.00 -6.99 60.00 
54822080.00 8.73 12.00 -4.00 -5.74 67.00 
54847188.00 7.87 10.00 -3.00 -3.39 70.00 
54872072.00 7.02 9.00 -2.00 -3.03 71.00 
54897076.00 6.16 8.00 -1.00 -2.94 70.00 
54922068.00 5.31 8.00 0.00 -2.55 71.00 
54947240.00 4.45 7.00 0.00 0.26 72.00 
54972080.00 3.60 5.00 0.00 0.21 71.00 
54997072.00 2.74 6.00 0.00 -0.08 73.00 
55022060.00 1.89 3.00 0.00 -0.55 72.00 
55047228.00 1.03 3.00 0.00 -0.65 73.00 
55072056.00 0.18 3.00 0.00 -0.01 73.00 
55097052.00 0.00 0.00 0.00 0.43 73.00 
55122048.00 0.00 0.00 0.00 -0.03 73.00 
55147112.00 0.00 0.00 0.00 -0.01 73.00 
55172040.00 0.00 0.00 0.00 -0.01 73.00 
55197024.00 0.00 0.00 0.00 0.01 73.00 
55222020.00 0.00 0.00 0.00 0.00 73.00 
55247116.00 0.00 0.00 0.00 -0.01 73.00 
55272028.00 0.00 0.00 0.00 0.00 73.00 
55297028.00 0.00 0.00 0.00 0.01 73.00 
55322024.00 0.00 0.00 0.00 0.00 73.00 
55347092.00 0.00 0.00 0.00 0.00 73.00 
55372012.00 0.00 0.00 0.00 0.00 73.00 
55397008.00 0.00 0.00 0.00 0.01 73.00 
55422008.00 0.00 0.00 0.00 0.00 73.00 
55447100.00 0.00 0.00 0.00 0.01 73.00 
55472020.00 0.00 0.00 0.00 0.01 73.00 
55497016.00 0.00 0.00 0.00 0.01 73.00 
55522008.00 0.00 0.00 0.00 0.00 73.00 
55547016.00 0.00 0.00 0.00 0.01 73.00 
55572068.00 0.00 0.00 0.00 0.01 73.00 
55597000.00 0.00 0.00 0.00 0.00 73.00 
55622008.00 0.00 0.00 0.00 0.01 73.00 
55647020.00 0.00 0.00 0.00 0.01 53.00 
55672072.00 0.00 0.00 0.00 0.00 73.00 
55696992.00 0.00 0.00 0.00 0.01 73.00 
55721984.00 0.00 0.00 0.00 0.01 73.00 
55747000.00 0.00 0.00 0.00 0.00 73.00 
55772072.00 0.00 0.00 0.00 0.01 73.00 
55796996.00 0.00 0.00 0.00 0.01 73.00 
55821992.00 0.00 0.00 0.00 0.00 73.00 
55846992.00 0.00 0.00 0.00 0.01 73.00 
55872068.00 0.00 0.00 0.00 0.01 73.00 
55896972.00 0.00 0.00 0.00 0.00 73.00 
55921984.00 0.00 0.00 0.00 0.00 73.00 
55946984.00 0.00 0.00 0.00 0.01 73.00 
55972360.00 0.00 0.00 0.00 0.01 73.00 
55997252.00 0.00 0.00 0.00 0.01 73.00 
56022240.00 0.00 0.00 0.00 0.00 73.00 
56047288.00 0.00 0.00 0.00 0.01 73.00 
56072360.00 0.00 0.00 0.00 0.02 73.00 
56097316.00 0.00 0.00 0.00 0.01 73.00 
56122248.00 0.00 0.00 0.00 0.00 73.00 
56147240.00 0.00 0.00 0.00 0.00 73.00 
56172356.00 0.00 0.00 0.00 0.00 73.00 
56197228.00 0.00 0.00 0.00 -0.01 73.00 
56222252.00 0.00 0.00 0.00 0.00 73.00 
56247232.00 0.00 0.00 0.00 0.00 73.00 
56272196.00 0.00 0.00 0.00 0.00 73.00 
56297148.00 0.00 0.00 0.00 0.01 73.00 
56322080.00 0.00 0.00 0.00 0.01 73.00 
56347200.00 0.00 0.00 0.00 0.00 73.00 
56372336.00 0.00 0.00 0.00 0.01 73.00 
56397260.00 0.00 0.00 0.00 0.00 73.00 
56422240.00 0.00 0.00 0.00 0.01 73.00 
56447272.00 0.00 0.00 0.00 0.02 73.00 
56472284.00 0.00 0.00 0.00 0.01 73.00 
56497224.00 0.00 0.00 0.00 0.01 73.00 
56522256.00 0.00 0.00 0.00 0.00 73.00 
56547212.00 0.00 0.00 0.00 0.01 73.00 
56572752.00 0.00 0.00 0.00 0.01 73.00 
56597216.00 0.00 0.00 0.00 0.01 72.00 
56622260.00 0.00 0.00 0.00 0.01 73.00 
56647216.00 0.00 0.00 0.00 0.02 73.00 
56672172.00 0.00 0.00 0.00 0.00 73.00 
56697304.00 0.00 0.00 0.00 0.00 73.00 
56722304.00 0.00 0.00 0.00 0.01 73.00 
56747200.00 0.00 0.00 0.00 0.00 73.00 
56772208.00 0.00 0.00 0.00 0.00 72.00 
56797288.00 0.00 0.00 0.00 -0.01 73.00 
56822172.00 0.00 0.00 0.00 0.01 72.00 
56847248.00 0.00 0.00 0.00 0.00 73.00 
56872168.00 0.00 0.00 0.00 0.00 73.00 
56897312.00 0.00 0.00 0.00 0.01 73.00 