6679278.00 1.10 0.00 0.00 0.00 
6704482.00 2.20 0.00 0.00 0.00 
6729013.00 3.30 0.00 0.00 0.00 
6753995.00 4.40 0.00 0.00 0.00 
6779065.00 5.49 0.00 0.00 0.00 
6804024.00 6.59 0.00 0.00 0.00 
6829027.00 7.69 4.00 0.00 0.00 
6854020.00 8.79 4.00 0.00 0.00 
6879086.00 9.89 9.00 0.00 -3.00 
6904013.00 10.99 8.00 0.00 2.00 
6929023.00 12.09 9.00 0.00 1.00 
6954025.00 13.19 11.00 0.00 1.00 
6979092.00 14.29 11.00 0.00 -1.00 
7004024.00 15.38 13.00 0.00 -1.00 
7029029.00 16.48 14.00 0.00 2.00 
7054015.00 17.58 15.00 0.00 -1.00 
7079064.00 18.00 16.00 0.00 0.00 
7103989.00 18.00 17.00 0.00 -1.00 
7128988.00 18.00 18.00 0.00 0.00 
7153972.00 18.00 18.00 0.00 0.00 
7179110.00 18.00 18.00 0.00 0.00 
7203997.00 18.00 19.00 0.00 -1.00 
7228988.00 18.00 19.00 0.00 1.00 
7253974.00 18.00 17.00 0.00 1.00 
7278978.00 18.00 17.00 0.00 -1.00 
7304035.00 18.00 18.00 0.00 0.00 
7328987.00 18.00 17.00 0.00 -1.00 
7353982.00 18.00 19.00 0.00 1.00 
7378983.00 18.00 17.00 0.00 -1.00 
7404040.00 18.00 18.00 0.00 0.00 
7428994.00 17.15 19.00 0.00 -1.00 
7453983.00 16.29 17.00 0.00 1.00 
7478999.00 15.44 16.00 0.00 2.00 
7504097.00 14.58 16.00 0.00 -2.00 
7529002.00 13.73 14.00 0.00 0.00 
7553990.00 14.83 12.00 0.00 0.00 
7578986.00 13.97 15.00 0.00 1.00 
7604032.00 13.12 14.00 0.00 0.00 
7628968.00 12.26 14.00 0.00 -2.00 
7653980.00 11.41 13.00 0.00 1.00 
7678978.00 10.55 12.00 0.00 0.00 
7704025.00 9.70 11.00 0.00 1.00 
7728979.00 8.84 10.00 0.00 0.00 
7753962.00 7.99 11.00 0.00 -1.00 
7778957.00 7.13 9.00 0.00 1.00 
7804005.00 6.28 7.00 0.00 -1.00 
7828965.00 5.42 6.00 0.00 0.00 
7853954.00 4.57 6.00 0.00 2.00 
7878966.00 3.71 5.00 0.00 -1.00 
7904012.00 2.86 4.00 0.00 -2.00 
7928958.00 2.01 3.00 0.00 3.00 
7953945.00 1.15 2.00 0.00 0.00 
7978931.00 0.30 2.00 0.00 -2.00 
8003984.00 0.00 0.00 0.00 0.00 
8028929.00 0.00 0.00 0.00 0.00 
8053930.00 0.00 1.00 0.00 -1.00 
8078925.00 0.00 0.00 0.00 0.00 
8103983.00 0.00 0.00 0.00 0.00 
8128926.00 0.00 0.00 0.00 0.00 
8153907.00 0.00 0.00 0.00 0.00 
8178906.00 0.00 0.00 0.00 0.00 
8203969.00 0.00 0.00 0.00 0.00 
8228990.00 0.00 0.00 0.00 0.00 
8253937.00 0.00 0.00 0.00 0.00 
8278912.00 0.00 0.00 0.00 0.00 
8303924.00 0.00 0.00 0.00 0.00 
8328975.00 0.00 0.00 0.00 0.00 
8353893.00 0.00 0.00 0.00 0.00 
8378906.00 0.00 0.00 0.00 0.00 
8403904.00 0.00 0.00 0.00 0.00 
8428949.00 0.00 0.00 0.00 0.00 
8453901.00 0.00 0.00 0.00 0.00 
8478882.00 0.00 0.00 0.00 0.00 
8503875.00 0.00 0.00 0.00 0.00 
8528946.00 0.00 0.00 0.00 0.00 
8553885.00 0.00 0.00 0.00 0.00 
8578884.00 0.00 0.00 0.00 0.00 
8603892.00 0.00 0.00 0.00 0.00 
8628940.00 0.00 0.00 0.00 0.00 
8653865.00 0.00 0.00 0.00 0.00 
8678873.00 0.00 0.00 0.00 0.00 
8703885.00 0.00 0.00 0.00 0.00 
8728943.00 0.00 0.00 0.00 0.00 
8753882.00 0.00 0.00 0.00 0.00 
8778901.00 1.10 0.00 1.00 0.00 
8803885.00 2.20 0.00 2.00 0.00 
8829417.00 3.30 0.00 3.00 0.00 
8854069.00 4.40 2.00 4.00 2.00 
8878887.00 5.49 5.00 5.00 5.00 
8903900.00 6.59 5.00 6.00 5.00 
8928950.00 7.69 6.00 7.00 6.00 
8953904.00 8.79 7.00 8.00 7.00 
8978896.00 9.89 8.00 9.00 8.00 
9003891.00 10.99 9.00 9.00 9.00 
9028992.00 12.00 9.00 9.00 9.00 
9054343.00 12.00 11.00 9.00 11.00 
9078888.00 12.00 10.00 9.00 10.00 
9103863.00 12.00 11.00 9.00 11.00 
9128927.00 12.00 12.00 9.00 8.00 
9153867.00 12.00 12.00 9.00 8.00 
9178856.00 12.00 12.00 9.00 10.00 
9203858.00 12.00 13.00 9.00 9.00 
9228917.00 12.00 12.00 9.00 10.00 
9253854.00 12.00 14.00 9.00 8.00 
9278862.00 12.00 11.00 9.00 9.00 
9303857.00 12.00 12.00 9.00 10.00 
9328863.00 12.00 14.00 9.00 10.00 
9353882.00 12.00 12.00 9.00 8.00 
9378845.00 12.00 11.00 9.00 7.00 
9403846.00 12.00 12.00 9.00 10.00 
9428850.00 12.00 12.00 9.00 10.00 
9453899.00 12.00 12.00 9.00 10.00 
9478854.00 11.15 14.00 8.00 8.00 
9503854.00 10.29 11.00 7.00 9.00 
9528856.00 9.44 10.00 6.00 6.00 
9553901.00 8.58 11.00 5.00 5.00 
9578855.00 7.73 10.00 4.00 6.00 
9603848.00 6.87 7.00 3.00 3.00 
9628854.00 6.02 8.00 2.00 2.00 
9653892.00 6.00 7.00 1.00 1.00 
9678827.00 6.00 6.00 0.00 2.00 
9703818.00 6.00 5.00 0.00 1.00 
9728842.00 5.15 6.00 0.00 -2.00 
9753949.00 4.29 7.00 0.00 1.00 
9778848.00 3.44 3.00 0.00 1.00 
9803834.00 2.58 4.00 0.00 0.00 
9828834.00 1.73 3.00 0.00 -1.00 
9853910.00 0.87 1.00 0.00 1.00 
9878837.00 0.02 1.00 0.00 1.00 
9903828.00 0.00 1.00 0.00 -1.00 
9928810.00 0.00 1.00 0.00 -1.00 
9953867.00 0.00 1.00 0.00 1.00 
9978805.00 0.00 0.00 0.00 0.00 
10003805.00 0.00 1.00 0.00 -1.00 
10028790.00 0.00 2.00 0.00 2.00 
10053844.00 0.00 0.00 0.00 0.00 
10078792.00 0.00 2.00 0.00 -2.00 
10103798.00 0.00 1.00 0.00 -1.00 
10128794.00 0.00 0.00 0.00 0.00 
10153851.00 0.00 0.00 0.00 0.00 
10178791.00 0.00 0.00 0.00 0.00 
10203778.00 0.00 1.00 0.00 -1.00 
10228782.00 0.00 0.00 0.00 0.00 
10253846.00 0.00 0.00 0.00 0.00 
10278785.00 0.00 0.00 0.00 0.00 
10303783.00 0.00 0.00 0.00 0.00 
10328772.00 0.00 0.00 0.00 0.00 
10353800.00 0.00 0.00 0.00 0.00 
10378917.00 0.00 0.00 0.00 0.00 
10403807.00 0.00 0.00 0.00 0.00 
10428765.00 0.00 0.00 0.00 0.00 
10453773.00 0.00 0.00 0.00 0.00 
10479031.00 0.00 0.00 0.00 0.00 
10503876.00 0.00 0.00 0.00 0.00 
10528755.00 0.00 0.00 0.00 0.00 
10553814.00 0.00 0.00 0.00 0.00 
10578940.00 0.00 0.00 0.00 0.00 
10603776.00 0.00 0.00 0.00 0.00 
10628777.00 0.00 0.00 0.00 0.00 
10653772.00 0.00 0.00 0.00 0.00 
10678817.00 0.00 0.00 0.00 0.00 
10703746.00 0.00 0.00 0.00 0.00 
10728845.00 0.00 0.00 0.00 0.00 
10753754.00 0.00 0.00 0.00 0.00 
10779022.00 0.00 0.00 0.00 0.00 
10803984.00 0.00 0.00 0.00 0.00 
10828945.00 0.00 0.00 0.00 0.00 
10853953.00 0.00 0.00 0.00 0.00 
10879048.00 0.00 0.00 0.00 0.00 
10903927.00 0.00 0.00 0.00 0.00 
10928944.00 0.00 0.00 0.00 0.00 
10953954.00 0.00 0.00 0.00 0.00 
10979062.00 0.00 0.00 0.00 0.00 
11003933.00 0.00 0.00 0.00 0.00 
11028936.00 0.00 0.00 0.00 0.00 
11053931.00 0.00 0.00 0.00 0.00 
11079048.00 0.00 0.00 0.00 0.00 
11103914.00 0.00 0.00 0.00 0.00 
11128934.00 0.00 0.00 0.00 0.00 
11153943.00 0.00 0.00 0.00 0.00 
11179041.00 0.00 0.00 0.00 0.00 
11203889.00 0.00 0.00 0.00 0.00 
11228925.00 0.00 0.00 0.00 0.00 
11254134.00 0.00 0.00 0.00 0.00 
11278968.00 0.00 0.00 0.00 0.00 
11303996.00 0.00 0.00 0.00 0.00 
11328973.00 0.00 0.00 0.00 0.00 
11353927.00 0.00 0.00 0.00 0.00 
11379008.00 0.00 0.00 0.00 0.00 
11403961.00 0.00 0.00 0.00 0.00 
11428905.00 0.00 0.00 0.00 0.00 
11453905.00 0.00 0.00 0.00 0.00 
11478920.00 0.00 0.00 0.00 0.00 
11504172.00 0.00 0.00 0.00 0.00 
11528905.00 0.00 0.00 0.00 0.00 
11553909.00 0.00 0.00 0.00 0.00 
11578916.00 0.00 0.00 0.00 0.00 
11604036.00 0.00 0.00 0.00 0.00 
11628949.00 0.00 0.00 0.00 0.00 
11653947.00 0.00 0.00 0.00 0.00 
11678912.00 0.00 0.00 0.00 0.00 
11704097.00 0.00 0.00 0.00 0.00 
11728911.00 0.00 0.00 0.00 0.00 
11753895.00 0.00 0.00 0.00 0.00 
11778896.00 0.00 0.00 0.00 0.00 
11803988.00 0.00 0.00 0.00 0.00 
11828893.00 0.00 0.00 0.00 0.00 
11853889.00 0.00 0.00 0.00 0.00 
11878868.00 0.00 0.00 0.00 0.00 
11904000.00 0.00 0.00 0.00 0.00 
11928892.00 0.00 0.00 0.00 0.00 
11954017.00 0.00 0.00 0.00 0.00 
11978892.00 0.00 0.00 0.00 0.00 
12003984.00 0.00 0.00 0.00 0.00 
12029192.00 0.00 0.00 0.00 0.00 
12053871.00 0.00 0.00 0.00 0.00 
12078873.00 0.00 0.00 0.00 0.00 
12103965.00 0.00 0.00 0.00 0.00 
12128929.00 0.00 0.00 0.00 0.00 
12153848.00 0.00 0.00 0.00 0.00 
12178872.00 0.00 0.00 0.00 0.00 
12204001.00 0.00 0.00 0.00 0.00 
12228828.00 0.00 0.00 0.00 0.00 
12253879.00 0.00 0.00 0.00 0.00 
12278934.00 0.00 0.00 0.00 0.00 
12303886.00 0.00 0.00 0.00 0.00 
12328897.00 0.00 0.00 0.00 0.00 
12353807.00 0.00 0.00 0.00 0.00 
12378848.00 0.00 0.00 0.00 0.00 
12403877.00 0.00 0.00 0.00 0.00 
12428900.00 0.00 0.00 0.00 0.00 
12453888.00 0.00 0.00 0.00 0.00 
12479036.00 0.00 0.00 0.00 0.00 
12503852.00 0.00 0.00 0.00 0.00 
12528961.00 0.00 0.00 0.00 0.00 
12553845.00 0.00 0.00 0.00 0.00 
12578826.00 0.00 0.00 0.00 0.00 
12603827.00 0.00 0.00 0.00 0.00 
12628949.00 0.00 0.00 0.00 0.00 
12653891.00 0.00 0.00 0.00 0.00 
12678823.00 0.00 0.00 0.00 0.00 
12703827.00 0.00 0.00 0.00 0.00 
12728937.00 0.00 0.00 0.00 0.00 
12753838.00 0.00 0.00 0.00 0.00 
12778926.00 0.00 0.00 0.00 0.00 
12803793.00 0.00 0.00 0.00 0.00 
12828918.00 0.00 0.00 0.00 0.00 
12853833.00 0.00 0.00 0.00 0.00 
12878797.00 0.00 0.00 0.00 0.00 
12903891.00 0.00 0.00 0.00 0.00 

36427280.00 1.10 0.00 0.00 0.00 
36452140.00 2.20 0.00 0.00 0.00 
36477240.00 3.30 0.00 0.00 0.00 
36502132.00 4.40 1.00 0.00 -1.00 
36527136.00 5.49 2.00 0.00 -2.00 
36552124.00 6.59 3.00 0.00 -1.00 
36577168.00 7.69 6.00 0.00 2.00 
36602136.00 8.79 7.00 0.00 1.00 
36627132.00 9.89 9.00 0.00 -1.00 
36652136.00 10.99 9.00 0.00 1.00 
36677180.00 12.09 13.00 0.00 3.00 
36702120.00 13.19 11.00 0.00 -1.00 
36727128.00 14.29 11.00 0.00 -1.00 
36752128.00 15.38 13.00 0.00 -1.00 
36777200.00 16.48 14.00 0.00 0.00 
36802176.00 17.58 16.00 0.00 0.00 
36827144.00 18.00 17.00 0.00 1.00 
36852112.00 18.00 17.00 0.00 1.00 
36877168.00 18.00 19.00 0.00 -1.00 
36902104.00 18.00 17.00 0.00 1.00 
36927088.00 18.00 18.00 0.00 0.00 
36952092.00 18.00 20.00 0.00 0.00 
36977104.00 18.00 17.00 0.00 1.00 
37002144.00 18.00 19.00 0.00 1.00 
37027088.00 18.00 18.00 0.00 0.00 
37052088.00 18.00 18.00 0.00 0.00 
37077092.00 18.00 18.00 0.00 0.00 
37102148.00 17.15 19.00 0.00 -1.00 
37127088.00 16.29 17.00 0.00 1.00 
37152104.00 15.44 16.00 0.00 2.00 
37177096.00 14.58 17.00 0.00 -1.00 
37202136.00 13.73 15.00 0.00 -1.00 
37227080.00 12.87 13.00 0.00 1.00 
37252072.00 12.02 13.00 0.00 1.00 
37277080.00 11.16 12.00 0.00 0.00 
37302112.00 10.31 13.00 0.00 -1.00 
37327080.00 9.45 11.00 0.00 1.00 
37352080.00 8.60 10.00 0.00 0.00 
37377088.00 7.74 9.00 0.00 -1.00 
37402128.00 6.89 8.00 0.00 2.00 
37427064.00 6.03 7.00 0.00 -1.00 
37452080.00 5.18 5.00 0.00 -1.00 
37477064.00 4.33 7.00 0.00 1.00 
37502152.00 3.47 5.00 0.00 -1.00 
37527068.00 2.62 2.00 0.00 0.00 
37552060.00 1.76 3.00 0.00 1.00 
37577064.00 0.91 2.00 0.00 0.00 
37602132.00 0.05 2.00 0.00 -2.00 
37627040.00 0.00 1.00 0.00 -1.00 
37652504.00 0.00 1.00 0.00 1.00 
37677028.00 0.00 2.00 0.00 0.00 
37702080.00 0.00 0.00 0.00 0.00 
37727016.00 0.00 0.00 0.00 0.00 
37752480.00 0.00 2.00 0.00 -2.00 
37777024.00 0.00 0.00 0.00 0.00 
37802080.00 0.00 0.00 0.00 0.00 
37827008.00 0.00 0.00 0.00 0.00 
37852484.00 0.00 0.00 0.00 0.00 
37877004.00 0.00 0.00 0.00 0.00 
37902076.00 0.00 0.00 0.00 0.00 
37927008.00 0.00 0.00 0.00 0.00 
37952044.00 0.00 0.00 0.00 0.00 
37977000.00 0.00 0.00 0.00 0.00 
38002052.00 0.00 0.00 0.00 0.00 
38027000.00 0.00 0.00 0.00 0.00 
38052012.00 0.00 0.00 0.00 0.00 
38077000.00 0.00 0.00 0.00 0.00 
38102008.00 0.00 0.00 0.00 0.00 
38127048.00 0.00 0.00 0.00 0.00 
38152000.00 0.00 0.00 0.00 0.00 
38176988.00 0.00 0.00 0.00 0.00 
38201984.00 0.00 0.00 0.00 0.00 
38227040.00 0.00 0.00 0.00 0.00 
38252088.00 0.00 0.00 0.00 0.00 
38277016.00 0.00 0.00 0.00 0.00 
38301980.00 0.00 0.00 0.00 0.00 
38327072.00 0.00 0.00 0.00 0.00 
38351976.00 0.00 0.00 0.00 0.00 
38376988.00 0.00 0.00 0.00 0.00 
38401984.00 0.00 0.00 0.00 0.00 
38427032.00 0.00 0.00 0.00 0.00 
38451980.00 0.00 0.00 0.00 0.00 
38477008.00 1.10 0.00 1.00 0.00 
38501992.00 2.20 0.00 2.00 0.00 
38527044.00 3.30 1.00 3.00 1.00 
38552000.00 4.40 2.00 4.00 2.00 
38577012.00 5.49 3.00 5.00 3.00 
38601996.00 6.59 5.00 6.00 5.00 
38627520.00 7.69 6.00 7.00 6.00 
38652000.00 8.79 7.00 8.00 7.00 
38677484.00 9.89 8.00 9.00 8.00 
38701992.00 10.99 9.00 9.00 9.00 
38727096.00 12.00 10.00 9.00 10.00 
38752428.00 12.00 10.00 9.00 10.00 
38776976.00 12.00 12.00 9.00 8.00 
38801960.00 12.00 12.00 9.00 8.00 
38827044.00 12.00 10.00 9.00 10.00 
38851964.00 12.00 11.00 9.00 11.00 
38876964.00 12.00 13.00 9.00 9.00 
38902072.00 12.00 13.00 9.00 9.00 
38927556.00 12.00 13.00 9.00 9.00 
38952420.00 12.00 12.00 9.00 10.00 
38976988.00 12.00 11.00 9.00 9.00 
39001964.00 12.00 13.00 9.00 9.00 
39027008.00 12.00 13.00 9.00 9.00 
39051952.00 12.00 12.00 9.00 10.00 
39076948.00 12.00 13.00 9.00 9.00 
39101952.00 12.00 13.00 9.00 9.00 
39126964.00 12.00 10.00 9.00 10.00 
39152004.00 12.00 13.00 9.00 9.00 
39176956.00 12.00 12.00 9.00 10.00 
39201956.00 11.15 13.00 8.00 7.00 
39226952.00 10.29 11.00 7.00 11.00 
39252016.00 9.44 9.00 6.00 7.00 
39276960.00 8.58 10.00 5.00 4.00 
39301952.00 7.73 8.00 4.00 6.00 
39326948.00 6.87 8.00 3.00 4.00 
39352004.00 6.02 6.00 2.00 2.00 
39376944.00 6.00 8.00 1.00 2.00 
39401928.00 6.00 7.00 0.00 -1.00 
39426928.00 6.00 4.00 0.00 0.00 
39452000.00 5.15 6.00 0.00 2.00 
39476940.00 4.29 6.00 0.00 0.00 
39501936.00 3.44 4.00 0.00 -2.00 
39526924.00 2.58 3.00 0.00 1.00 
39552024.00 1.73 2.00 0.00 2.00 
39576948.00 0.87 2.00 0.00 -2.00 
39601928.00 0.02 2.00 0.00 0.00 
39626932.00 0.00 1.00 0.00 1.00 
39651984.00 0.00 0.00 0.00 0.00 
39676916.00 0.00 1.00 0.00 -1.00 
39701896.00 0.00 1.00 0.00 1.00 
39726900.00 0.00 1.00 0.00 -1.00 
39751952.00 0.00 0.00 0.00 0.00 
39776904.00 0.00 2.00 0.00 2.00 
39801896.00 0.00 3.00 0.00 -1.00 
39826908.00 0.00 0.00 0.00 0.00 
39851936.00 0.00 0.00 0.00 0.00 
39876888.00 0.00 1.00 0.00 -1.00 
39901900.00 0.00 0.00 0.00 0.00 
39926896.00 0.00 0.00 0.00 0.00 
39951940.00 0.00 2.00 0.00 2.00 
39976888.00 0.00 0.00 0.00 0.00 
40001872.00 0.00 0.00 0.00 0.00 
40026880.00 0.00 1.00 0.00 1.00 
40051920.00 0.00 0.00 0.00 0.00 
40076860.00 0.00 0.00 0.00 0.00 
40101856.00 0.00 0.00 0.00 0.00 
40126860.00 0.00 0.00 0.00 0.00 
40151912.00 0.00 0.00 0.00 0.00 
40176852.00 0.00 0.00 0.00 0.00 
40201848.00 0.00 0.00 0.00 0.00 
40226852.00 0.00 0.00 0.00 0.00 
40251852.00 0.00 0.00 0.00 0.00 
40276944.00 0.00 0.00 0.00 0.00 
40301872.00 0.00 0.00 0.00 0.00 
40326844.00 0.00 0.00 0.00 0.00 
40351836.00 0.00 0.00 0.00 0.00 
40376912.00 0.00 0.00 0.00 0.00 
40401832.00 0.00 0.00 0.00 0.00 
40426832.00 0.00 0.00 0.00 0.00 
40452084.00 0.00 0.00 0.00 0.00 
40477156.00 0.00 0.00 0.00 0.00 
40502292.00 0.00 0.00 0.00 0.00 
40527080.00 0.00 0.00 0.00 0.00 
40552016.00 0.00 0.00 0.00 0.00 
40577168.00 0.00 0.00 0.00 0.00 
40602044.00 0.00 0.00 0.00 0.00 
40627144.00 0.00 0.00 0.00 0.00 
40652088.00 0.00 0.00 0.00 0.00 
40676988.00 0.00 0.00 0.00 0.00 
40702036.00 0.00 0.00 0.00 0.00 
40727008.00 0.00 0.00 0.00 0.00 
40752028.00 0.00 0.00 0.00 0.00 
40777136.00 0.00 0.00 0.00 0.00 
40802044.00 0.00 0.00 0.00 0.00 
40827036.00 0.00 0.00 0.00 0.00 
40852016.00 0.00 0.00 0.00 0.00 
40877240.00 0.00 0.00 0.00 0.00 
40902016.00 0.00 0.00 0.00 0.00 
40927020.00 0.00 0.00 0.00 0.00 
40952016.00 0.00 0.00 0.00 0.00 
40977116.00 0.00 0.00 0.00 0.00 
41001988.00 0.00 0.00 0.00 0.00 
41027016.00 0.00 0.00 0.00 0.00 
41051996.00 0.00 0.00 0.00 0.00 
41077040.00 0.00 0.00 0.00 0.00 
41102024.00 0.00 0.00 0.00 0.00 
41127132.00 0.00 0.00 0.00 0.00 
41152092.00 0.00 0.00 0.00 0.00 
41177028.00 0.00 0.00 0.00 0.00 
41202272.00 0.00 0.00 0.00 0.00 
41226988.00 0.00 0.00 0.00 0.00 
41252020.00 0.00 0.00 0.00 0.00 
41276992.00 0.00 0.00 0.00 0.00 
41302108.00 0.00 0.00 0.00 0.00 
41327000.00 0.00 0.00 0.00 0.00 
41351992.00 0.00 0.00 0.00 0.00 
41377000.00 0.00 0.00 0.00 0.00 
41402088.00 0.00 0.00 0.00 0.00 
41426980.00 0.00 0.00 0.00 0.00 
41451984.00 0.00 0.00 0.00 0.00 
41476944.00 0.00 0.00 0.00 0.00 
41501876.00 0.00 0.00 0.00 0.00 
41526768.00 0.00 0.00 0.00 0.00 
41551764.00 0.00 0.00 0.00 0.00 
41576756.00 0.00 0.00 0.00 0.00 
41601792.00 0.00 0.00 0.00 0.00 
41626760.00 0.00 0.00 0.00 0.00 
41651748.00 0.00 0.00 0.00 0.00 
41676756.00 0.00 0.00 0.00 0.00 
41701792.00 0.00 0.00 0.00 0.00 
41726756.00 0.00 0.00 0.00 0.00 
41751752.00 0.00 0.00 0.00 0.00 
41776760.00 0.00 0.00 0.00 0.00 
41801792.00 0.00 0.00 0.00 0.00 
41826840.00 0.00 0.00 0.00 0.00 
41851760.00 0.00 0.00 0.00 0.00 
41876732.00 0.00 0.00 0.00 0.00 
41901788.00 0.00 0.00 0.00 0.00 
41926736.00 0.00 0.00 0.00 0.00 
41951752.00 0.00 0.00 0.00 0.00 
41976736.00 0.00 0.00 0.00 0.00 
42001776.00 0.00 0.00 0.00 0.00 
42026736.00 0.00 0.00 0.00 0.00 
42051740.00 0.00 0.00 0.00 0.00 
42076728.00 0.00 0.00 0.00 0.00 
42101776.00 0.00 0.00 0.00 0.00 
42126724.00 0.00 0.00 0.00 0.00 
42151816.00 0.00 0.00 0.00 0.00 
42176720.00 0.00 0.00 0.00 0.00 
42201768.00 0.00 0.00 0.00 0.00 
42226968.00 0.00 0.00 0.00 0.00 
42251984.00 0.00 0.00 0.00 0.00 
42276948.00 0.00 0.00 0.00 0.00 
42301932.00 0.00 0.00 0.00 0.00 
42327040.00 0.00 0.00 0.00 0.00 
42351920.00 0.00 0.00 0.00 0.00 
42376920.00 0.00 0.00 0.00 0.00 
42401984.00 0.00 0.00 0.00 0.00 
42427028.00 0.00 0.00 0.00 0.00 
42451936.00 0.00 0.00 0.00 0.00 
42476908.00 0.00 0.00 0.00 0.00 
42501920.00 0.00 0.00 0.00 0.00 
42527032.00 0.00 0.00 0.00 0.00 
42551956.00 0.00 0.00 0.00 0.00 
42576896.00 0.00 0.00 0.00 0.00 
42601896.00 0.00 0.00 0.00 0.00 
42627024.00 0.00 0.00 0.00 0.00 
42651912.00 0.00 0.00 0.00 0.00 

68325320.00 1.10 0.00 0.00 0.00 
68350080.00 2.20 0.00 0.00 0.00 
68375080.00 3.30 1.00 0.00 -1.00 
68400088.00 4.40 2.00 0.00 -2.00 
68425152.00 5.49 2.00 0.00 -2.00 
68450088.00 6.59 3.00 0.00 1.00 
68475088.00 7.69 6.00 0.00 0.00 
68500096.00 8.79 6.00 0.00 0.00 
68525128.00 9.89 9.00 0.00 1.00 
68550088.00 10.99 8.00 0.00 0.00 
68575088.00 12.09 10.00 0.00 0.00 
68600096.00 13.19 12.00 0.00 0.00 
68625144.00 14.29 12.00 0.00 0.00 
68650080.00 15.38 14.00 0.00 0.00 
68675088.00 16.48 14.00 0.00 0.00 
68700088.00 17.58 15.00 0.00 1.00 
68725120.00 18.00 17.00 0.00 -1.00 
68750048.00 18.00 17.00 0.00 1.00 
68775048.00 18.00 19.00 0.00 -1.00 
68800072.00 18.00 17.00 0.00 1.00 
68825144.00 18.00 18.00 0.00 0.00 
68850112.00 18.00 18.00 0.00 0.00 
68875056.00 18.00 19.00 0.00 -1.00 
68900064.00 18.00 19.00 0.00 1.00 
68925040.00 18.00 18.00 0.00 0.00 
68950072.00 18.00 18.00 0.00 0.00 
68975024.00 18.00 18.00 0.00 0.00 
69000056.00 17.15 19.00 0.00 -1.00 
69025056.00 16.29 17.00 0.00 1.00 
69050104.00 15.44 17.00 0.00 1.00 
69075064.00 14.58 16.00 0.00 0.00 
69100048.00 13.73 16.00 0.00 -2.00 
69125024.00 12.87 14.00 0.00 0.00 
69150088.00 12.02 13.00 0.00 3.00 
69175048.00 11.16 13.00 0.00 1.00 
69200040.00 10.31 12.00 0.00 -2.00 
69225032.00 9.45 9.00 0.00 -3.00 
69250088.00 8.60 8.00 0.00 2.00 
69275032.00 7.74 9.00 0.00 3.00 
69300032.00 6.89 6.00 0.00 0.00 
69325016.00 6.03 7.00 0.00 -3.00 
69350064.00 5.18 7.00 0.00 -1.00 
69375032.00 4.33 3.00 0.00 3.00 
69400024.00 3.47 4.00 0.00 2.00 
69425024.00 2.62 4.00 0.00 -2.00 
69450072.00 1.76 1.00 0.00 -1.00 
69475488.00 0.91 3.00 0.00 3.00 
69500008.00 0.05 3.00 0.00 -1.00 
69525008.00 0.00 1.00 0.00 -1.00 
69550048.00 0.00 1.00 0.00 1.00 
69574992.00 0.00 1.00 0.00 1.00 
69600000.00 0.00 1.00 0.00 -1.00 
69624992.00 0.00 1.00 0.00 -1.00 
69650032.00 0.00 0.00 0.00 0.00 
69674976.00 0.00 2.00 0.00 2.00 
69699984.00 0.00 0.00 0.00 0.00 
69724984.00 0.00 2.00 0.00 -2.00 
69750024.00 0.00 0.00 0.00 0.00 
69774960.00 0.00 0.00 0.00 0.00 
69799984.00 0.00 2.00 0.00 -2.00 
69824968.00 0.00 0.00 0.00 0.00 
69850016.00 0.00 0.00 0.00 0.00 
69874968.00 0.00 1.00 0.00 -1.00 
69899976.00 0.00 1.00 0.00 -1.00 
69924968.00 0.00 1.00 0.00 1.00 
69950176.00 0.00 0.00 0.00 0.00 
69974968.00 0.00 2.00 0.00 -2.00 
69999968.00 0.00 1.00 0.00 1.00 
70024960.00 0.00 0.00 0.00 0.00 
70049936.00 0.00 0.00 0.00 0.00 
70074992.00 0.00 0.00 0.00 0.00 
70099960.00 0.00 0.00 0.00 0.00 
70124944.00 0.00 0.00 0.00 0.00 
70149944.00 0.00 0.00 0.00 0.00 
70175000.00 0.00 0.00 0.00 0.00 
70199960.00 0.00 0.00 0.00 0.00 
70224936.00 0.00 0.00 0.00 0.00 
70249936.00 0.00 0.00 0.00 0.00 
70274992.00 0.00 0.00 0.00 0.00 
70299944.00 0.00 0.00 0.00 0.00 
70324928.00 0.00 0.00 0.00 0.00 
70349928.00 0.00 0.00 0.00 0.00 
70375472.00 1.10 0.00 1.00 0.00 
70399952.00 2.20 0.00 2.00 0.00 
70424952.00 3.30 0.00 3.00 0.00 
70449968.00 4.40 2.00 4.00 2.00 
70475008.00 5.49 4.00 5.00 6.00 
70499976.00 6.59 5.00 6.00 5.00 
70524960.00 7.69 5.00 7.00 5.00 
70549952.00 8.79 7.00 8.00 7.00 
70575000.00 9.89 7.00 9.00 7.00 
70599960.00 10.99 9.00 9.00 9.00 
70625400.00 12.00 10.00 9.00 10.00 
70649920.00 12.00 11.00 9.00 11.00 
70675104.00 12.00 11.00 9.00 11.00 
70699968.00 12.00 12.00 9.00 8.00 
70724936.00 12.00 12.00 9.00 10.00 
70749928.00 12.00 13.00 9.00 9.00 
70774992.00 12.00 13.00 9.00 9.00 
70799936.00 12.00 12.00 9.00 8.00 
70824928.00 12.00 11.00 9.00 11.00 
70849920.00 12.00 11.00 9.00 9.00 
70874968.00 12.00 12.00 9.00 8.00 
70900080.00 12.00 12.00 9.00 10.00 
70925488.00 12.00 12.00 9.00 10.00 
70949912.00 12.00 13.00 9.00 7.00 
70974920.00 12.00 11.00 9.00 9.00 
71000072.00 12.00 11.00 9.00 11.00 
71025360.00 12.00 13.00 9.00 9.00 
71049904.00 12.00 12.00 9.00 8.00 
71074912.00 12.00 11.00 9.00 9.00 
71100176.00 11.15 12.00 8.00 10.00 
71124920.00 10.29 11.00 7.00 9.00 
71149920.00 9.44 10.00 6.00 4.00 
71174920.00 8.58 9.00 5.00 5.00 
71199968.00 7.73 9.00 4.00 7.00 
71225376.00 6.87 8.00 3.00 4.00 
71249904.00 6.02 6.00 2.00 0.00 
71274904.00 6.00 6.00 1.00 2.00 
71299936.00 6.00 6.00 0.00 2.00 
71324888.00 6.00 6.00 0.00 0.00 
71349904.00 5.15 5.00 0.00 -1.00 
71374904.00 4.29 7.00 0.00 -1.00 
71399936.00 3.44 5.00 0.00 3.00 
71424888.00 2.58 3.00 0.00 1.00 
71449872.00 1.73 3.00 0.00 -1.00 
71474888.00 0.87 1.00 0.00 -1.00 
71499936.00 0.02 1.00 0.00 1.00 
71524888.00 0.00 0.00 0.00 0.00 
71549872.00 0.00 1.00 0.00 -1.00 
71574944.00 0.00 2.00 0.00 2.00 
71599960.00 0.00 1.00 0.00 -1.00 
71624880.00 0.00 0.00 0.00 0.00 
71649872.00 0.00 0.00 0.00 0.00 
71674848.00 0.00 0.00 0.00 0.00 
71699912.00 0.00 0.00 0.00 0.00 
71724856.00 0.00 0.00 0.00 0.00 
71749832.00 0.00 0.00 0.00 0.00 
71774832.00 0.00 0.00 0.00 0.00 
71799968.00 0.00 0.00 0.00 0.00 
71824864.00 0.00 0.00 0.00 0.00 
71849840.00 0.00 0.00 0.00 0.00 
71874832.00 0.00 0.00 0.00 0.00 
71899888.00 0.00 0.00 0.00 0.00 
71924824.00 0.00 0.00 0.00 0.00 
71949832.00 0.00 0.00 0.00 0.00 
71974824.00 0.00 0.00 0.00 0.00 
71999872.00 0.00 0.00 0.00 0.00 
72024824.00 0.00 0.00 0.00 0.00 
72049824.00 0.00 0.00 0.00 0.00 
72074808.00 0.00 0.00 0.00 0.00 
72099840.00 0.00 0.00 0.00 0.00 
72124872.00 0.00 0.00 0.00 0.00 
72149824.00 0.00 0.00 0.00 0.00 
72174808.00 0.00 0.00 0.00 0.00 
72199824.00 0.00 0.00 0.00 0.00 
72224856.00 0.00 0.00 0.00 0.00 
72249808.00 0.00 0.00 0.00 0.00 
72274816.00 0.00 0.00 0.00 0.00 
72299808.00 0.00 0.00 0.00 0.00 
72324856.00 0.00 0.00 0.00 0.00 
72349896.00 0.00 0.00 0.00 0.00 
72374800.00 0.00 0.00 0.00 0.00 
72399784.00 0.00 0.00 0.00 0.00 
72425152.00 0.00 0.00 0.00 0.00 
72450016.00 0.00 0.00 0.00 0.00 
72475168.00 0.00 0.00 0.00 0.00 
72500016.00 0.00 0.00 0.00 0.00 
72525344.00 0.00 0.00 0.00 0.00 
72550032.00 0.00 0.00 0.00 0.00 
72574992.00 0.00 0.00 0.00 0.00 
72599984.00 0.00 0.00 0.00 0.00 
72625120.00 0.00 0.00 0.00 0.00 
72650448.00 0.00 0.00 0.00 0.00 
72675000.00 0.00 0.00 0.00 0.00 
72699912.00 0.00 0.00 0.00 0.00 
72724888.00 0.00 0.00 0.00 0.00 
72749776.00 0.00 0.00 0.00 0.00 
72774776.00 0.00 0.00 0.00 0.00 
72799784.00 0.00 0.00 0.00 0.00 
72824824.00 0.00 0.00 0.00 0.00 
72849768.00 0.00 0.00 0.00 0.00 
72874760.00 0.00 0.00 0.00 0.00 
72899768.00 0.00 0.00 0.00 0.00 
72924832.00 0.00 0.00 0.00 0.00 
72949776.00 0.00 0.00 0.00 0.00 
72974760.00 0.00 0.00 0.00 0.00 
72999760.00 0.00 0.00 0.00 0.00 
73024816.00 0.00 0.00 0.00 0.00 
73049752.00 0.00 0.00 0.00 0.00 
73074768.00 0.00 0.00 0.00 0.00 
73099760.00 0.00 0.00 0.00 0.00 
73124816.00 0.00 0.00 0.00 0.00 
73149760.00 0.00 0.00 0.00 0.00 
73174752.00 0.00 0.00 0.00 0.00 
73199736.00 0.00 0.00 0.00 0.00 
73224752.00 0.00 0.00 0.00 0.00 
73249792.00 0.00 0.00 0.00 0.00 
73274752.00 0.00 0.00 0.00 0.00 
73299752.00 0.00 0.00 0.00 0.00 
73324744.00 0.00 0.00 0.00 0.00 
73349856.00 0.00 0.00 0.00 0.00 
73374744.00 0.00 0.00 0.00 0.00 
73399736.00 0.00 0.00 0.00 0.00 
73424752.00 0.00 0.00 0.00 0.00 
73449792.00 0.00 0.00 0.00 0.00 
73474736.00 0.00 0.00 0.00 0.00 
73499712.00 0.00 0.00 0.00 0.00 
73524728.00 0.00 0.00 0.00 0.00 
73549776.00 0.00 0.00 0.00 0.00 
73574736.00 0.00 0.00 0.00 0.00 
73599712.00 0.00 0.00 0.00 0.00 
73624864.00 0.00 0.00 0.00 0.00 
73649784.00 0.00 0.00 0.00 0.00 
73674968.00 0.00 0.00 0.00 0.00 
73699928.00 0.00 0.00 0.00 0.00 
73724936.00 0.00 0.00 0.00 0.00 
73750016.00 0.00 0.00 0.00 0.00 
73774912.00 0.00 0.00 0.00 0.00 
73799968.00 0.00 0.00 0.00 0.00 
73824928.00 0.00 0.00 0.00 0.00 
73850008.00 0.00 0.00 0.00 0.00 
73874920.00 0.00 0.00 0.00 0.00 
73899920.00 0.00 0.00 0.00 0.00 
73924880.00 0.00 0.00 0.00 0.00 
73949784.00 0.00 0.00 0.00 0.00 
73974696.00 0.00 0.00 0.00 0.00 
73999696.00 0.00 0.00 0.00 0.00 
74024704.00 0.00 0.00 0.00 0.00 
74049768.00 0.00 0.00 0.00 0.00 
74074768.00 0.00 0.00 0.00 0.00 
74099704.00 0.00 0.00 0.00 0.00 
74124688.00 0.00 0.00 0.00 0.00 
74149728.00 0.00 0.00 0.00 0.00 
74174696.00 0.00 0.00 0.00 0.00 
74199680.00 0.00 0.00 0.00 0.00 
74224688.00 0.00 0.00 0.00 0.00 
74249704.00 0.00 0.00 0.00 0.00 
74274736.00 0.00 0.00 0.00 0.00 
74299672.00 0.00 0.00 0.00 0.00 
74324680.00 0.00 0.00 0.00 0.00 
74349672.00 0.00 0.00 0.00 0.00 
74374720.00 0.00 0.00 0.00 0.00 
74399672.00 0.00 0.00 0.00 0.00 
74424768.00 0.00 0.00 0.00 0.00 
74449664.00 0.00 0.00 0.00 0.00 
74475040.00 0.00 0.00 0.00 0.00 
74499944.00 0.00 0.00 0.00 0.00 
74524880.00 0.00 0.00 0.00 0.00 
74549864.00 0.00 0.00 0.00 0.00 

105947832.00 1.10 0.00 0.00 0.00 
105972776.00 2.20 0.00 0.00 0.00 
105997736.00 3.30 0.00 0.00 0.00 
106022784.00 4.40 0.00 0.00 0.00 
106047712.00 5.49 1.00 0.00 1.00 
106072704.00 6.59 4.00 0.00 2.00 
106097752.00 7.69 6.00 0.00 0.00 
106122672.00 8.79 7.00 0.00 -1.00 
106147672.00 9.89 9.00 0.00 1.00 
106172688.00 10.99 8.00 0.00 0.00 
106197680.00 12.09 11.00 0.00 -1.00 
106222736.00 13.19 11.00 0.00 1.00 
106248128.00 14.29 14.00 0.00 0.00 
106272672.00 15.38 12.00 0.00 0.00 
106297664.00 16.48 16.00 0.00 0.00 
106322720.00 17.58 15.00 0.00 -1.00 
106348136.00 18.00 17.00 0.00 1.00 
106372648.00 18.00 16.00 0.00 0.00 
106397624.00 18.00 19.00 0.00 -1.00 
106422776.00 18.00 18.00 0.00 0.00 
106448096.00 18.00 19.00 0.00 1.00 
106472624.00 18.00 19.00 0.00 -1.00 
106497640.00 18.00 18.00 0.00 0.00 
106522672.00 18.00 20.00 0.00 0.00 
106547696.00 18.00 18.00 0.00 0.00 
106572624.00 18.00 19.00 0.00 -1.00 
106597616.00 18.00 19.00 0.00 1.00 
106622696.00 17.15 19.00 0.00 -1.00 
106647648.00 16.29 18.00 0.00 0.00 
106672672.00 15.44 17.00 0.00 1.00 
106697632.00 14.58 18.00 0.00 0.00 
106722688.00 13.73 14.00 0.00 -2.00 
106747624.00 12.87 14.00 0.00 0.00 
106772648.00 12.02 13.00 0.00 3.00 
106797632.00 11.16 12.00 0.00 0.00 
106822664.00 10.31 11.00 0.00 -3.00 
106847632.00 9.45 10.00 0.00 0.00 
106872640.00 8.60 10.00 0.00 2.00 
106897616.00 7.74 10.00 0.00 0.00 
106922672.00 6.89 7.00 0.00 -1.00 
106947608.00 6.03 7.00 0.00 -1.00 
106972624.00 5.18 6.00 0.00 0.00 
106997616.00 4.33 6.00 0.00 2.00 
107022656.00 3.47 7.00 0.00 -1.00 
107047616.00 2.62 2.00 0.00 0.00 
107072608.00 1.76 4.00 0.00 0.00 
107097600.00 0.91 2.00 0.00 0.00 
107122648.00 0.05 0.00 0.00 0.00 
107147584.00 0.00 0.00 0.00 0.00 
107172576.00 0.00 2.00 0.00 0.00 
107197576.00 0.00 2.00 0.00 0.00 
107222584.00 0.00 0.00 0.00 0.00 
107247608.00 0.00 0.00 0.00 0.00 
107272584.00 0.00 4.00 0.00 0.00 
107297568.00 0.00 0.00 0.00 0.00 
107322576.00 0.00 1.00 0.00 1.00 
107347600.00 0.00 0.00 0.00 0.00 
107372560.00 0.00 0.00 0.00 0.00 
107397552.00 0.00 0.00 0.00 0.00 
107422544.00 0.00 0.00 0.00 0.00 
107447600.00 0.00 0.00 0.00 0.00 
107472560.00 0.00 0.00 0.00 0.00 
107497552.00 0.00 0.00 0.00 0.00 
107522536.00 0.00 0.00 0.00 0.00 
107547592.00 0.00 0.00 0.00 0.00 
107572544.00 0.00 0.00 0.00 0.00 
107597536.00 0.00 0.00 0.00 0.00 
107622536.00 0.00 0.00 0.00 0.00 
107647576.00 0.00 0.00 0.00 0.00 
107672528.00 0.00 0.00 0.00 0.00 
107697536.00 0.00 0.00 0.00 0.00 
107722528.00 0.00 0.00 0.00 0.00 
107747568.00 0.00 0.00 0.00 0.00 
107772992.00 0.00 0.00 0.00 0.00 
107797528.00 0.00 0.00 0.00 0.00 
107822528.00 0.00 0.00 0.00 0.00 
107847576.00 0.00 0.00 0.00 0.00 
107872520.00 0.00 0.00 0.00 0.00 
107897520.00 0.00 0.00 0.00 0.00 
107922512.00 0.00 0.00 0.00 0.00 
107947560.00 0.00 0.00 0.00 0.00 
107972512.00 0.00 0.00 0.00 0.00 
107997536.00 1.10 0.00 1.00 0.00 
108022552.00 2.20 0.00 2.00 0.00 
108047600.00 3.30 0.00 3.00 0.00 
108072544.00 4.40 2.00 4.00 2.00 
108097552.00 5.49 5.00 5.00 5.00 
108122544.00 6.59 6.00 6.00 6.00 
108148056.00 7.69 6.00 7.00 6.00 
108172560.00 8.79 6.00 8.00 6.00 
108197544.00 9.89 8.00 9.00 8.00 
108222552.00 10.99 9.00 9.00 9.00 
108247768.00 12.00 9.00 9.00 9.00 
108272968.00 12.00 11.00 9.00 11.00 
108297512.00 12.00 10.00 9.00 10.00 
108322528.00 12.00 10.00 9.00 8.00 
108347512.00 12.00 13.00 9.00 9.00 
108372544.00 12.00 12.00 9.00 8.00 
108397976.00 12.00 12.00 9.00 10.00 
108422520.00 12.00 13.00 9.00 9.00 
108447512.00 12.00 14.00 9.00 8.00 
108473008.00 12.00 11.00 9.00 11.00 
108497520.00 12.00 11.00 9.00 11.00 
108522512.00 12.00 13.00 9.00 7.00 
108547488.00 12.00 11.00 9.00 9.00 
108572560.00 12.00 11.00 9.00 11.00 
108597512.00 12.00 14.00 9.00 8.00 
108622504.00 12.00 10.00 9.00 10.00 
108647504.00 12.00 12.00 9.00 10.00 
108672536.00 12.00 14.00 9.00 8.00 
108697488.00 12.00 11.00 9.00 9.00 
108722520.00 11.15 10.00 8.00 10.00 
108747504.00 10.29 14.00 7.00 8.00 
108772560.00 9.44 10.00 6.00 6.00 
108797488.00 8.58 9.00 5.00 5.00 
108822512.00 7.73 10.00 4.00 4.00 
108847504.00 6.87 10.00 3.00 4.00 
108872528.00 6.02 5.00 2.00 3.00 
108897488.00 6.00 7.00 1.00 1.00 
108922936.00 6.00 7.00 0.00 1.00 
108947472.00 6.00 6.00 0.00 0.00 
108972544.00 5.15 6.00 0.00 -2.00 
108997496.00 4.29 6.00 0.00 2.00 
109022488.00 3.44 4.00 0.00 0.00 
109047472.00 2.58 7.00 0.00 1.00 
109072520.00 1.73 3.00 0.00 -1.00 
109097480.00 0.87 1.00 0.00 1.00 
109122488.00 0.02 1.00 0.00 1.00 
109147480.00 0.00 2.00 0.00 -2.00 
109172496.00 0.00 0.00 0.00 0.00 
109197456.00 0.00 2.00 0.00 2.00 
109222456.00 0.00 1.00 0.00 -1.00 
109247432.00 0.00 0.00 0.00 0.00 
109272480.00 0.00 0.00 0.00 0.00 
109297432.00 0.00 0.00 0.00 0.00 
109322440.00 0.00 2.00 0.00 0.00 
109347440.00 0.00 1.00 0.00 -1.00 
109372456.00 0.00 0.00 0.00 0.00 
109397480.00 0.00 1.00 0.00 -1.00 
109422448.00 0.00 0.00 0.00 0.00 
109447432.00 0.00 0.00 0.00 0.00 
109472424.00 0.00 0.00 0.00 0.00 
109497480.00 0.00 0.00 0.00 0.00 
109522432.00 0.00 0.00 0.00 0.00 
109547424.00 0.00 0.00 0.00 0.00 
109572416.00 0.00 0.00 0.00 0.00 
109597472.00 0.00 0.00 0.00 0.00 
109622408.00 0.00 0.00 0.00 0.00 
109647408.00 0.00 0.00 0.00 0.00 
109672424.00 0.00 0.00 0.00 0.00 
109697456.00 0.00 0.00 0.00 0.00 
109722432.00 0.00 0.00 0.00 0.00 
109747408.00 0.00 0.00 0.00 0.00 
109772408.00 0.00 0.00 0.00 0.00 
109797448.00 0.00 0.00 0.00 0.00 
109822408.00 0.00 0.00 0.00 0.00 
109847408.00 0.00 0.00 0.00 0.00 
109872416.00 0.00 0.00 0.00 0.00 
109897440.00 0.00 0.00 0.00 0.00 
109922400.00 0.00 0.00 0.00 0.00 
109947392.00 0.00 0.00 0.00 0.00 
109972488.00 0.00 0.00 0.00 0.00 
109997784.00 0.00 0.00 0.00 0.00 
110022616.00 0.00 0.00 0.00 0.00 
110047640.00 0.00 0.00 0.00 0.00 
110072600.00 0.00 0.00 0.00 0.00 
110097704.00 0.00 0.00 0.00 0.00 
110122584.00 0.00 0.00 0.00 0.00 
110147584.00 0.00 0.00 0.00 0.00 
110172608.00 0.00 0.00 0.00 0.00 
110197616.00 0.00 0.00 0.00 0.00 
110222616.00 0.00 0.00 0.00 0.00 
110247664.00 0.00 0.00 0.00 0.00 
110272648.00 0.00 0.00 0.00 0.00 
110297704.00 0.00 0.00 0.00 0.00 
110322624.00 0.00 0.00 0.00 0.00 
110347600.00 0.00 0.00 0.00 0.00 
110372576.00 0.00 0.00 0.00 0.00 
110397584.00 0.00 0.00 0.00 0.00 
110422624.00 0.00 0.00 0.00 0.00 
110447712.00 0.00 0.00 0.00 0.00 
110472592.00 0.00 0.00 0.00 0.00 
110497576.00 0.00 0.00 0.00 0.00 
110522672.00 0.00 0.00 0.00 0.00 
110547568.00 0.00 0.00 0.00 0.00 
110572792.00 0.00 0.00 0.00 0.00 
110597664.00 0.00 0.00 0.00 0.00 
110622688.00 0.00 0.00 0.00 0.00 
110647608.00 0.00 0.00 0.00 0.00 
110672576.00 0.00 0.00 0.00 0.00 
110697568.00 0.00 0.00 0.00 0.00 
110722720.00 0.00 0.00 0.00 0.00 
110747816.00 0.00 0.00 0.00 0.00 
110772584.00 0.00 0.00 0.00 0.00 
110797552.00 0.00 0.00 0.00 0.00 
110822632.00 0.00 0.00 0.00 0.00 
110847664.00 0.00 0.00 0.00 0.00 
110872744.00 0.00 0.00 0.00 0.00 
110897496.00 0.00 0.00 0.00 0.00 
110922432.00 0.00 0.00 0.00 0.00 
110947336.00 0.00 0.00 0.00 0.00 
110972344.00 0.00 0.00 0.00 0.00 
110997448.00 0.00 0.00 0.00 0.00 
111022400.00 0.00 0.00 0.00 0.00 
111047336.00 0.00 0.00 0.00 0.00 
111072328.00 0.00 0.00 0.00 0.00 
111097328.00 0.00 0.00 0.00 0.00 
111122376.00 0.00 0.00 0.00 0.00 
111147320.00 0.00 0.00 0.00 0.00 
111172328.00 0.00 0.00 0.00 0.00 
111197312.00 0.00 0.00 0.00 0.00 
111222368.00 0.00 0.00 0.00 0.00 
111247320.00 0.00 0.00 0.00 0.00 
111272304.00 0.00 0.00 0.00 0.00 
111297312.00 0.00 0.00 0.00 0.00 
111322368.00 0.00 0.00 0.00 0.00 
111347312.00 0.00 0.00 0.00 0.00 
111372304.00 0.00 0.00 0.00 0.00 
111397312.00 0.00 0.00 0.00 0.00 
111422360.00 0.00 0.00 0.00 0.00 
111447296.00 0.00 0.00 0.00 0.00 
111472672.00 0.00 0.00 0.00 0.00 
111497520.00 0.00 0.00 0.00 0.00 
111522592.00 0.00 0.00 0.00 0.00 
111547640.00 0.00 0.00 0.00 0.00 
111572504.00 0.00 0.00 0.00 0.00 
111597520.00 0.00 0.00 0.00 0.00 
111622568.00 0.00 0.00 0.00 0.00 
111647624.00 0.00 0.00 0.00 0.00 
111672496.00 0.00 0.00 0.00 0.00 
111697504.00 0.00 0.00 0.00 0.00 
111722512.00 0.00 0.00 0.00 0.00 
111747592.00 0.00 0.00 0.00 0.00 
111772504.00 0.00 0.00 0.00 0.00 
111797472.00 0.00 0.00 0.00 0.00 
111822736.00 0.00 0.00 0.00 0.00 
111847608.00 0.00 0.00 0.00 0.00 
111872544.00 0.00 0.00 0.00 0.00 
111897472.00 0.00 0.00 0.00 0.00 
111922272.00 0.00 0.00 0.00 0.00 
111947360.00 0.00 0.00 0.00 0.00 
111972280.00 0.00 0.00 0.00 0.00 
111997264.00 0.00 0.00 0.00 0.00 
112022272.00 0.00 0.00 0.00 0.00 
112047320.00 0.00 0.00 0.00 0.00 
112072264.00 0.00 0.00 0.00 0.00 
112097256.00 0.00 0.00 0.00 0.00 
112122256.00 0.00 0.00 0.00 0.00 
112147312.00 0.00 0.00 0.00 0.00 
112172256.00 0.00 0.00 0.00 0.00 

