7176410.00 1.10 0.00 0.00 1.50 -16.50 117.00 118.00 
7201159.00 2.20 0.00 0.00 1.50 -16.50 117.00 118.00 
7226385.00 3.30 0.00 0.00 1.50 -16.50 117.00 118.00 
7251156.00 4.40 0.00 0.00 1.51 -16.50 117.00 118.00 
7276154.00 5.49 0.00 0.00 1.50 -16.50 117.00 117.00 
7301199.00 6.59 0.00 0.00 1.50 -16.50 117.00 118.00 
7326256.00 7.69 1.00 0.00 -0.39 -16.00 116.00 118.00 
7351162.00 8.79 4.00 0.00 -0.46 -14.00 112.00 118.00 
7376163.00 9.89 4.00 0.00 -0.31 -12.00 108.00 117.00 
7401175.00 10.99 6.00 0.00 -0.12 -9.50 104.00 122.00 
7426306.00 12.09 8.00 0.00 -0.33 -8.00 101.00 122.00 
7451180.00 13.19 7.00 0.00 -0.55 -6.50 97.00 127.00 
7476168.00 14.29 10.00 0.00 -0.39 -6.00 94.00 126.00 
7501164.00 15.38 11.00 0.00 -0.33 -5.50 90.00 128.00 
7526264.00 16.48 12.00 0.00 -0.46 -5.00 88.00 128.00 
7551160.00 17.58 14.00 0.00 -0.42 -4.00 84.00 129.00 
7576169.00 18.00 15.00 0.00 0.03 -3.50 83.00 131.00 
7601152.00 18.00 16.00 0.00 -0.48 -2.50 79.00 133.00 
7626410.00 18.00 16.00 0.00 -0.34 -1.50 77.00 135.00 
7651168.00 18.00 17.00 0.00 -0.87 -0.50 74.00 138.00 
7676127.00 18.00 19.00 0.00 -0.18 -0.50 72.00 140.00 
7701126.00 18.00 16.00 0.00 -0.21 1.00 69.00 144.00 
7726274.00 18.00 18.00 0.00 -1.50 2.00 67.00 147.00 
7751132.00 18.00 19.00 0.00 -0.78 3.00 64.00 152.00 
7776129.00 18.00 18.00 0.00 -0.55 4.50 62.00 157.00 
7801134.00 18.00 18.00 0.00 -0.38 5.50 61.00 163.00 
7826216.00 18.00 18.00 0.00 0.16 1.83 60.00 166.00 
7851141.00 18.00 17.00 0.00 0.39 1.00 58.00 171.00 
7876592.00 18.00 18.00 0.00 -0.65 5.00 58.00 175.00 
7901106.00 18.00 18.00 0.00 -1.19 11.00 56.00 181.00 
7926194.00 18.00 17.00 0.00 -1.14 17.00 55.00 187.00 
7951117.00 18.00 19.00 0.00 -0.85 22.00 54.00 192.00 
7976124.00 18.00 17.00 0.00 -1.01 26.00 55.00 196.00 
8001117.00 18.00 19.00 0.00 -0.71 29.00 55.00 199.00 
8026222.00 17.15 18.00 0.00 -0.71 32.00 57.00 202.00 
8051158.00 16.29 17.00 0.00 -0.67 33.00 59.00 203.00 
8076125.00 15.44 17.00 0.00 0.35 23.00 62.00 203.00 
8101115.00 14.58 17.00 0.00 0.69 20.00 64.00 198.00 
8126137.00 13.73 14.00 0.00 0.92 16.50 66.00 192.00 
8151216.00 14.83 15.00 0.00 1.67 -4.67 58.00 156.00 
8176120.00 13.97 15.00 0.00 0.55 0.00 54.00 170.00 
8201125.00 13.12 14.00 0.00 0.58 -3.67 56.00 159.00 
8226123.00 12.26 14.00 0.00 -0.16 4.00 64.00 158.00 
8251218.00 11.41 13.00 0.00 0.06 1.33 60.00 160.00 
8276102.00 10.55 11.00 0.00 0.64 -5.00 58.00 155.00 
8301113.00 9.70 11.00 0.00 0.00 -1.67 53.00 165.00 
8326112.00 8.84 10.00 0.00 -0.74 6.00 41.00 176.00 
8351193.00 9.94 10.00 0.00 -0.61 6.00 28.00 176.00 
8376116.00 11.04 10.00 0.00 -0.22 6.00 21.00 176.00 
8401106.00 12.14 10.00 0.00 -0.05 3.00 15.00 173.00 
8426094.00 13.24 9.00 0.00 0.48 0.00 11.00 170.00 
8451207.00 14.34 11.00 0.00 0.44 -0.67 8.00 168.00 
8476111.00 15.44 13.00 0.00 0.38 -2.00 5.00 164.00 
8501111.00 16.53 14.00 0.00 0.30 -2.00 3.00 164.00 
8526109.00 17.63 15.00 0.00 -0.46 -2.67 2.00 162.00 
8551188.00 18.00 17.00 0.00 0.07 -3.00 1.00 161.00 
8576079.00 18.00 17.00 0.00 0.31 -3.33 1.00 160.00 
8601202.00 18.00 18.00 0.00 -0.11 -3.67 0.00 159.00 
8626342.00 18.00 18.00 0.00 0.00 -4.33 1.00 157.00 
8651220.00 18.00 18.00 0.00 0.42 -4.67 0.00 156.00 
8676539.00 18.00 19.00 0.00 0.24 -6.00 1.00 152.00 
8701075.00 18.00 18.00 0.00 -0.05 -4.67 0.00 156.00 
8726087.00 18.00 17.00 0.00 -0.00 -5.00 1.00 155.00 
8751162.00 18.00 17.00 0.00 0.11 -5.00 0.00 155.00 
8776077.00 18.00 18.00 0.00 0.10 -5.33 1.00 154.00 
8801059.00 18.00 18.00 0.00 0.17 -5.00 0.00 155.00 
8826059.00 18.00 18.00 0.00 0.02 -5.67 1.00 153.00 
8851631.00 18.00 19.00 0.00 -0.06 -5.00 0.00 155.00 
8876053.00 18.00 17.00 0.00 0.02 -4.67 1.00 156.00 
8901066.00 18.00 17.00 0.00 -0.16 -4.67 1.00 156.00 
8926065.00 18.00 18.00 0.00 0.05 -3.67 1.00 159.00 
8951128.00 18.00 19.00 0.00 0.16 -3.00 1.00 161.00 
8976077.00 17.15 17.00 0.00 -0.05 -2.33 3.00 163.00 
9001067.00 16.29 18.00 0.00 -0.24 -2.33 6.00 163.00 
9026074.00 15.44 17.00 0.00 -0.03 -2.67 13.00 162.00 
9051147.00 14.58 18.00 0.00 0.10 -3.33 29.00 160.00 
9076087.00 13.73 15.00 0.00 1.50 -19.33 59.00 112.00 
9101076.00 12.87 15.00 0.00 0.29 -6.50 68.00 96.00 
9126072.00 12.02 14.00 0.00 -0.70 -4.00 66.00 113.00 
9151085.00 11.16 12.00 0.00 -0.12 -10.67 55.00 138.00 
9176133.00 10.31 13.00 0.00 -0.21 -8.33 27.00 145.00 
9201048.00 9.45 11.00 0.00 0.22 -6.33 15.00 151.00 
9226055.00 8.60 11.00 0.00 0.53 -7.67 10.00 147.00 
9251052.00 7.74 9.00 0.00 -0.02 -4.33 6.00 157.00 
9276131.00 6.89 8.00 0.00 -0.20 -8.00 4.00 146.00 
9301057.00 7.99 7.00 0.00 -0.05 -9.00 2.00 143.00 
9326058.00 9.09 7.00 0.00 0.24 -6.67 2.00 150.00 
9351042.00 10.19 9.00 0.00 -0.47 -3.33 1.00 160.00 
9376128.00 11.28 7.00 0.00 -0.41 -1.33 1.00 166.00 
9401053.00 12.38 9.00 0.00 -0.31 -0.67 0.00 168.00 
9426048.00 13.48 11.00 0.00 -0.14 2.00 1.00 172.00 
9451046.00 14.58 12.00 0.00 -0.16 5.00 0.00 175.00 
9476184.00 15.68 13.00 0.00 -0.82 8.00 1.00 178.00 
9501050.00 16.78 14.00 0.00 -0.81 10.00 0.00 180.00 
9526025.00 17.88 16.00 0.00 -0.18 13.00 1.00 183.00 
9551042.00 18.00 16.00 0.00 -0.32 13.00 0.00 183.00 
9576106.00 18.00 18.00 0.00 -0.02 15.00 1.00 185.00 
9601015.00 18.00 18.00 0.00 -0.06 14.00 0.00 184.00 
9626027.00 18.00 18.00 0.00 -0.34 15.00 1.00 185.00 
9650998.00 18.00 20.00 0.00 -0.23 14.00 0.00 184.00 
9676100.00 18.00 18.00 0.00 0.11 10.00 1.00 180.00 
9701001.00 18.00 17.00 0.00 -0.05 8.00 0.00 178.00 
9726012.00 18.00 18.00 0.00 0.58 6.00 1.00 176.00 
9751009.00 18.00 19.00 0.00 0.76 2.00 0.00 172.00 
9776078.00 18.00 18.00 0.00 0.40 0.00 1.00 170.00 
9801009.00 18.00 18.00 0.00 0.06 -0.67 0.00 168.00 
9825994.00 18.00 20.00 0.00 0.02 -0.33 1.00 169.00 
9851007.00 18.00 17.00 0.00 0.05 -1.33 0.00 166.00 
9876111.00 18.00 18.00 0.00 0.20 -1.00 1.00 167.00 
9900993.00 18.00 17.00 0.00 0.14 -1.33 1.00 166.00 
9925996.00 18.00 19.00 0.00 -0.51 -0.33 1.00 169.00 
9951002.00 17.15 18.00 0.00 0.09 -1.00 1.00 167.00 
9976074.00 16.29 18.00 0.00 0.31 -0.67 2.00 168.00 
10001025.00 15.44 16.00 0.00 -0.00 -2.00 2.00 164.00 
10026008.00 14.58 17.00 0.00 -0.03 -1.33 5.00 166.00 
10051013.00 13.73 16.00 0.00 0.59 -6.67 9.00 150.00 
10076091.00 12.87 15.00 0.00 1.24 -14.67 20.00 126.00 
10100994.00 12.02 14.00 0.00 0.35 -12.00 47.00 134.00 
10126007.00 11.16 14.00 0.00 -1.14 0.50 81.00 154.00 
10150995.00 10.31 11.00 0.00 -0.87 -2.00 90.00 147.00 

