10174781.00 1.10 0.00 0.00 1.50 -16.50 116.00 115.00 
10199483.00 2.20 0.00 0.00 1.50 -16.50 116.00 115.00 
10224477.00 3.30 0.00 0.00 1.51 -16.50 116.00 115.00 
10249476.00 4.40 0.00 0.00 1.50 -16.50 116.00 115.00 
10274565.00 5.49 0.00 0.00 1.50 -16.50 116.00 115.00 
10299500.00 6.59 0.00 0.00 1.20 -16.50 116.00 116.00 
10324492.00 7.69 1.00 0.00 0.35 -16.50 116.00 116.00 
10349500.00 8.79 3.00 0.00 -0.35 -15.00 114.00 117.00 
10374579.00 9.89 4.00 0.00 -0.86 -12.00 108.00 119.00 
10399495.00 10.99 5.00 0.00 -1.01 -8.50 102.00 121.00 
10424494.00 12.09 6.00 0.00 -0.77 -8.00 98.00 119.00 
10449490.00 13.19 9.00 0.00 -0.31 -7.00 93.00 121.00 
10474592.00 14.29 8.00 0.00 -0.52 -6.00 90.00 123.00 
10499495.00 15.38 12.00 0.00 -0.03 -5.00 87.00 128.00 
10524487.00 16.48 13.00 0.00 -0.30 -4.00 85.00 129.00 
10549491.00 17.58 14.00 0.00 -0.65 -3.50 81.00 131.00 
10574567.00 18.00 16.00 0.00 -0.58 -2.50 79.00 133.00 
10599488.00 18.00 16.00 0.00 -0.49 -1.50 75.00 136.00 
10624466.00 18.00 17.00 0.00 -0.37 -0.50 73.00 138.00 
10649464.00 18.00 17.00 0.00 -0.06 0.50 71.00 141.00 
10674542.00 18.00 18.00 0.00 -0.14 1.00 69.00 144.00 
10699455.00 18.00 16.00 0.00 -0.36 2.00 67.00 148.00 
10724453.00 18.00 18.00 0.00 -0.53 3.00 65.00 152.00 
10749454.00 18.00 18.00 0.00 -0.05 4.00 64.00 157.00 
10774548.00 18.00 18.00 0.00 -0.07 4.50 63.00 160.00 
10799793.00 18.00 17.00 0.00 -0.50 6.00 61.00 165.00 
10824459.00 18.00 18.00 0.00 -0.10 2.00 60.00 169.00 
10849442.00 18.00 18.00 0.00 -0.15 5.00 59.00 175.00 
10874735.00 18.00 17.00 0.00 -0.43 9.00 58.00 179.00 
10899607.00 18.00 18.00 0.00 -0.75 14.00 57.00 184.00 
10924463.00 18.00 19.00 0.00 -1.13 18.00 57.00 188.00 
10949432.00 18.00 18.00 0.00 -1.28 22.00 56.00 192.00 
10974539.00 18.00 17.00 0.00 -1.16 26.00 56.00 196.00 
10999503.00 18.00 17.00 0.00 -0.65 30.00 57.00 200.00 
11024463.00 17.15 19.00 0.00 -0.72 30.00 59.00 200.00 
11049462.00 16.29 18.00 0.00 0.02 22.50 61.00 202.00 
11074507.00 15.44 17.00 0.00 0.50 21.50 64.00 201.00 
11099483.00 14.58 16.00 0.00 1.06 17.00 66.00 193.00 
11124452.00 15.68 17.00 0.00 0.42 14.00 67.00 187.00 
11149448.00 14.83 15.00 0.00 0.31 7.50 69.00 175.00 
11174467.00 13.97 14.00 0.00 1.60 -8.67 57.00 144.00 
11199539.00 13.12 16.00 0.00 0.88 -4.33 55.00 157.00 
11224437.00 12.26 14.00 0.00 -0.32 4.00 61.00 154.00 
11249440.00 11.41 12.00 0.00 -0.98 4.00 63.00 157.00 
11274445.00 10.55 13.00 0.00 0.08 -3.67 59.00 159.00 
11299509.00 9.70 12.00 0.00 1.31 -6.33 55.00 151.00 
11324438.00 10.80 11.00 0.00 0.84 -0.33 52.00 169.00 
11349437.00 11.90 9.00 0.00 -0.63 2.00 37.00 172.00 
11374435.00 12.99 11.00 0.00 -1.47 5.00 23.00 175.00 
11399517.00 14.09 11.00 0.00 -0.04 3.00 15.00 173.00 
11424425.00 15.19 12.00 0.00 0.76 2.00 11.00 172.00 
11449438.00 16.29 14.00 0.00 0.44 -0.33 7.00 169.00 
11474430.00 17.39 14.00 0.00 0.17 -1.33 4.00 166.00 
11499501.00 18.00 16.00 0.00 -0.50 -1.00 2.00 167.00 
11524414.00 18.00 17.00 0.00 0.28 -1.67 2.00 165.00 
11549390.00 18.00 18.00 0.00 0.01 -2.00 1.00 164.00 
11574398.00 18.00 18.00 0.00 0.59 -3.00 1.00 161.00 
11599488.00 18.00 19.00 0.00 0.88 -4.33 1.00 157.00 
11624405.00 18.00 18.00 0.00 0.11 -4.67 1.00 156.00 
11649398.00 18.00 18.00 0.00 -0.11 -5.67 0.00 153.00 
11674395.00 18.00 19.00 0.00 -0.03 -5.00 1.00 155.00 
11699471.00 18.00 17.00 0.00 -0.10 -5.00 0.00 155.00 
11724387.00 18.00 17.00 0.00 -0.15 -5.33 1.00 154.00 
11749389.00 18.00 19.00 0.00 0.14 -4.67 0.00 156.00 
11774390.00 18.00 17.00 0.00 0.05 -5.33 1.00 154.00 
11799470.00 18.00 17.00 0.00 -0.18 -4.67 0.00 156.00 
11824398.00 18.00 19.00 0.00 -0.12 -4.67 1.00 156.00 
11849392.00 18.00 17.00 0.00 0.32 -3.67 1.00 159.00 
11874385.00 18.00 19.00 0.00 0.18 -4.00 1.00 158.00 
11899465.00 18.00 18.00 0.00 -0.17 -3.00 1.00 161.00 
11924401.00 17.15 17.00 0.00 -0.53 -2.00 1.00 164.00 
11949401.00 18.00 17.00 0.00 -0.27 -0.67 2.00 168.00 
11974386.00 17.15 18.00 0.00 -0.02 -0.67 4.00 168.00 
11999471.00 16.29 17.00 0.00 -0.34 1.00 9.00 171.00 
12024411.00 15.44 16.00 0.00 0.14 -0.67 19.00 168.00 
12049394.00 14.58 18.00 0.00 0.88 -7.67 39.00 147.00 
12074397.00 13.73 15.00 0.00 0.05 -4.50 63.00 105.00 
12099445.00 12.87 15.00 0.00 0.29 -6.00 67.00 100.00 
12124415.00 12.02 13.00 0.00 -0.47 0.00 63.00 132.00 
12149385.00 11.16 13.00 0.00 0.08 -8.00 46.00 146.00 
12174375.00 10.31 13.00 0.00 -0.31 -6.33 21.00 151.00 
12199465.00 9.45 11.00 0.00 -0.13 -6.67 11.00 150.00 
12224396.00 8.60 11.00 0.00 -0.23 -2.67 7.00 162.00 
12249379.00 9.70 10.00 0.00 0.26 -7.33 4.00 148.00 
12274376.00 10.80 8.00 0.00 0.44 -8.00 3.00 146.00 
12299363.00 11.90 10.00 0.00 -0.80 -3.00 2.00 161.00 
12324453.00 12.99 10.00 0.00 -0.06 -0.67 1.00 168.00 
12349373.00 14.09 12.00 0.00 0.09 -0.67 1.00 168.00 
12374371.00 15.19 12.00 0.00 -0.25 1.00 1.00 171.00 
12399377.00 16.29 13.00 0.00 -0.24 4.00 1.00 174.00 
12424447.00 17.39 16.00 0.00 -0.74 7.00 1.00 177.00 
12449355.00 18.00 16.00 0.00 -0.25 8.00 0.00 178.00 
12474329.00 18.00 17.00 0.00 -0.11 9.00 1.00 179.00 
12499339.00 18.00 17.00 0.00 -0.52 11.00 0.00 181.00 
12524425.00 18.00 18.00 0.00 -0.26 11.00 1.00 181.00 
12549342.00 18.00 18.00 0.00 0.16 11.00 0.00 181.00 
12574854.00 18.00 20.00 0.00 0.05 10.00 1.00 180.00 
12599344.00 18.00 17.00 0.00 0.02 9.00 0.00 179.00 
12624477.00 18.00 18.00 0.00 0.32 5.00 1.00 175.00 
12649341.00 18.00 17.00 0.00 -0.01 5.00 0.00 175.00 
12674333.00 18.00 19.00 0.00 0.01 3.00 1.00 173.00 
12699335.00 18.00 17.00 0.00 -0.13 4.00 0.00 174.00 
12724460.00 18.00 19.00 0.00 0.61 1.00 1.00 171.00 
12749333.00 18.00 17.00 0.00 0.15 2.00 0.00 172.00 
12774323.00 18.00 19.00 0.00 -0.21 1.00 1.00 171.00 
12799319.00 18.00 19.00 0.00 0.08 -0.33 1.00 169.00 
12824432.00 18.00 18.00 0.00 1.02 -1.67 1.00 165.00 
12849316.00 18.00 19.00 0.00 1.12 -2.67 1.00 162.00 
12874350.00 17.15 20.00 0.00 -0.23 -3.00 1.00 161.00 
12899336.00 16.29 18.00 0.00 -0.58 -2.33 1.00 163.00 
12924409.00 15.44 17.00 0.00 -0.22 -1.67 2.00 165.00 
12949332.00 14.58 16.00 0.00 0.42 -2.00 3.00 164.00 
12974331.00 13.73 15.00 0.00 0.13 -3.00 6.00 161.00 
12999328.00 12.87 14.00 0.00 1.29 -13.67 13.00 129.00 
13024417.00 12.02 15.00 0.00 0.45 -13.67 28.00 129.00 
13049336.00 11.16 13.00 0.00 -1.41 2.00 64.00 145.00 
13074326.00 10.31 12.00 0.00 -1.04 -0.50 86.00 152.00 
13099325.00 9.45 11.00 0.00 0.09 -2.00 92.00 148.00 
13124397.00 8.60 10.00 0.00 0.61 -3.00 96.00 149.00 
13149330.00 7.74 11.00 0.00 -0.30 -3.00 98.00 149.00 

