7178608.00 1.10 0.00 0.00 2.91 -32.00 133.00 155.00 
7203389.00 2.20 0.00 0.00 2.91 -32.00 133.00 155.00 
7228446.00 3.30 0.00 0.00 2.91 -32.00 133.00 155.00 
7253385.00 4.40 0.00 0.00 2.91 -32.00 133.00 155.00 
7278383.00 5.49 0.00 0.00 2.91 -32.00 133.00 155.00 
7303409.00 6.59 0.00 0.00 2.49 -32.00 133.00 155.00 
7328497.00 7.69 2.00 0.00 0.85 -30.00 131.00 158.00 
7353394.00 8.79 5.00 0.00 -0.19 -25.00 126.00 162.00 
7378408.00 9.89 5.00 0.00 -1.23 -16.00 117.00 164.00 
7403405.00 10.99 6.00 0.00 -2.02 -7.00 108.00 165.00 
7428458.00 12.09 6.00 0.00 -2.41 0.00 101.00 167.00 
7453404.00 13.19 7.00 0.00 -1.22 0.00 97.00 168.00 
7478399.00 14.29 10.00 0.00 -0.90 2.00 94.00 172.00 
7503390.00 15.38 11.00 0.00 -1.13 9.00 91.00 179.00 
7528490.00 16.48 12.00 0.00 -1.44 12.00 89.00 182.00 
7553589.00 17.58 13.00 0.00 -0.81 16.00 87.00 186.00 
7578453.00 18.00 16.00 0.00 0.72 0.00 86.00 170.00 
7603435.00 18.00 16.00 0.00 -1.82 21.00 85.00 191.00 
7628557.00 18.00 17.00 0.00 -1.65 25.00 83.00 195.00 
7653434.00 18.00 18.00 0.00 -1.13 28.00 83.00 198.00 
7678833.00 18.00 19.00 0.00 -1.22 30.00 84.00 200.00 
7703367.00 18.00 16.00 0.00 -0.82 30.00 85.00 200.00 
7728403.00 18.00 18.00 0.00 -0.32 30.00 89.00 200.00 
7753652.00 18.00 18.00 0.00 -0.15 27.00 93.00 197.00 
7778369.00 18.00 17.00 0.00 0.04 24.00 99.00 194.00 
7803358.00 18.00 18.00 0.00 0.27 17.00 100.00 187.00 
7828352.00 18.00 18.00 0.00 1.28 0.00 103.00 176.00 
7853639.00 18.00 16.00 0.00 1.54 -2.00 103.00 168.00 
7878350.00 18.00 18.00 0.00 0.54 -4.00 105.00 163.00 
7903816.00 18.00 18.00 0.00 0.22 -4.00 105.00 162.00 
7928358.00 18.00 18.00 0.00 0.14 -7.00 108.00 161.00 
7953453.00 18.00 17.00 0.00 -0.00 -7.00 108.00 160.00 
7978344.00 18.00 19.00 0.00 0.10 -9.00 110.00 162.00 
8003346.00 18.00 17.00 0.00 -0.04 -8.00 109.00 164.00 
8028350.00 17.15 18.00 0.00 -0.19 -7.00 108.00 168.00 
8053426.00 16.29 17.00 0.00 -0.50 -7.00 108.00 169.00 
8078352.00 15.44 18.00 0.00 -0.70 0.00 109.00 170.00 
8103364.00 14.58 15.00 0.00 -0.55 0.00 106.00 171.00 
8128366.00 15.68 17.00 0.00 -0.41 0.00 104.00 171.00 
8153425.00 14.83 16.00 0.00 0.14 0.00 102.00 171.00 
8178357.00 13.97 14.00 0.00 0.38 0.00 78.00 151.00 
8203346.00 13.12 15.00 0.00 -0.57 0.00 86.00 157.00 
8228344.00 12.26 14.00 0.00 -0.28 0.00 89.00 157.00 
8253425.00 11.41 14.00 0.00 -0.11 0.00 81.00 153.00 
8278330.00 10.55 12.00 0.00 0.03 0.00 71.00 154.00 
8303344.00 9.70 10.00 0.00 0.11 0.00 55.00 153.00 
8328347.00 10.80 11.00 0.00 -0.11 0.00 31.00 149.00 
8353441.00 11.90 10.00 0.00 -0.99 0.00 17.00 166.00 
8378348.00 12.99 10.00 0.00 -0.42 4.00 11.00 174.00 
8403334.00 14.09 12.00 0.00 -0.15 6.00 6.00 176.00 
8428345.00 15.19 12.00 0.00 0.18 4.00 4.00 174.00 
8453423.00 16.29 13.00 0.00 -0.08 2.00 2.00 172.00 
8478349.00 17.39 14.00 0.00 0.62 2.00 1.00 172.00 
8503345.00 18.00 16.00 0.00 -0.23 0.00 1.00 170.00 
8528307.00 18.00 18.00 0.00 0.17 0.00 1.00 170.00 
8553385.00 18.00 17.00 0.00 0.03 0.00 0.00 169.00 
8578303.00 18.00 18.00 0.00 0.01 0.00 1.00 169.00 
8603292.00 18.00 19.00 0.00 -0.04 0.00 0.00 168.00 
8628295.00 18.00 18.00 0.00 -0.08 0.00 1.00 168.00 
8653369.00 18.00 18.00 0.00 0.03 0.00 0.00 168.00 
8678290.00 18.00 18.00 0.00 -0.06 0.00 1.00 164.00 
8703299.00 18.00 18.00 0.00 -0.37 0.00 0.00 167.00 
8728296.00 18.00 17.00 0.00 -0.09 0.00 1.00 166.00 
8753387.00 18.00 19.00 0.00 0.13 0.00 0.00 168.00 
8778299.00 18.00 17.00 0.00 -0.09 0.00 1.00 166.00 
8803282.00 18.00 20.00 0.00 0.03 0.00 0.00 167.00 
8828285.00 18.00 17.00 0.00 0.49 0.00 1.00 165.00 
8853289.00 18.00 18.00 0.00 -0.06 0.00 1.00 163.00 
8878357.00 18.00 18.00 0.00 0.11 0.00 1.00 165.00 
8903287.00 18.00 19.00 0.00 -0.08 0.00 1.00 164.00 
8928300.00 17.15 17.00 0.00 -0.32 0.00 1.00 166.00 
8953313.00 18.00 17.00 0.00 0.02 0.00 2.00 167.00 
8978364.00 17.15 18.00 0.00 0.05 0.00 4.00 167.00 
9003290.00 16.29 18.00 0.00 -0.10 0.00 9.00 169.00 
9028317.00 15.44 16.00 0.00 -0.08 1.00 22.00 171.00 
9053297.00 14.58 17.00 0.00 0.22 0.00 52.00 161.00 
9078358.00 13.73 17.00 0.00 0.06 0.00 83.00 139.00 
9103291.00 12.87 14.00 0.00 -0.06 0.00 90.00 150.00 
9128288.00 12.02 13.00 0.00 -0.11 0.00 86.00 143.00 
9153297.00 11.16 13.00 0.00 -0.28 0.00 71.00 140.00 
9178275.00 10.31 13.00 0.00 0.12 0.00 39.00 147.00 
9203287.00 9.45 11.00 0.00 0.16 0.00 21.00 132.00 
9228283.00 10.55 10.00 0.00 -0.05 0.00 13.00 143.00 
9253291.00 11.65 11.00 0.00 -0.37 0.00 7.00 147.00 
9278363.00 12.75 11.00 0.00 -0.47 0.00 5.00 148.00 
9303293.00 13.85 10.00 0.00 -0.09 0.00 3.00 147.00 
9328261.00 14.95 13.00 0.00 0.07 0.00 2.00 143.00 
9353275.00 16.05 12.00 0.00 0.14 0.00 1.00 142.00 
9378353.00 17.15 15.00 0.00 0.10 0.00 1.00 140.00 
9403295.00 18.00 16.00 0.00 0.58 0.00 1.00 137.00 
9428247.00 18.00 18.00 0.00 -0.18 0.00 1.00 134.00 
9453261.00 18.00 16.00 0.00 -0.08 0.00 0.00 132.00 
9478333.00 18.00 18.00 0.00 0.22 0.00 1.00 130.00 
9503237.00 18.00 19.00 0.00 -0.21 0.00 0.00 129.00 
9528250.00 18.00 18.00 0.00 0.08 0.00 1.00 127.00 
9553243.00 18.00 18.00 0.00 -0.06 0.00 0.00 125.00 
9578325.00 18.00 18.00 0.00 0.06 0.00 1.00 124.00 
9603303.00 18.00 18.00 0.00 -0.07 0.00 0.00 121.00 
9628245.00 18.00 18.00 0.00 0.28 0.00 1.00 120.00 
9653248.00 18.00 18.00 0.00 0.04 0.00 0.00 119.00 
9678326.00 18.00 19.00 0.00 -0.84 0.00 1.00 120.00 
9703224.00 18.00 19.00 0.00 -0.40 0.00 0.00 120.00 
9728240.00 18.00 19.00 0.00 -0.06 0.00 1.00 121.00 
9753695.00 18.00 18.00 0.00 0.15 0.00 0.00 120.00 
9778298.00 18.00 18.00 0.00 -0.16 0.00 1.00 118.00 
9803227.00 18.00 18.00 0.00 -0.11 0.00 1.00 118.00 
9828250.00 17.15 17.00 0.00 -0.08 0.00 1.00 119.00 
9853247.00 18.00 18.00 0.00 0.25 0.00 1.00 117.00 
9878262.00 17.15 18.00 0.00 -0.20 0.00 2.00 114.00 
9903320.00 16.29 18.00 0.00 0.17 0.00 2.00 108.00 
9928238.00 15.44 18.00 0.00 0.18 0.00 4.00 98.00 
9953229.00 14.58 16.00 0.00 0.07 0.00 8.00 71.00 
9978233.00 13.73 15.00 0.00 0.12 0.00 22.00 71.00 
10003295.00 12.87 15.00 0.00 -0.15 0.00 57.00 86.00 
10028228.00 12.02 14.00 0.00 1.14 -12.00 113.00 97.00 
10053226.00 11.16 12.00 0.00 2.78 -34.00 135.00 98.00 
10078227.00 10.31 12.00 0.00 2.69 -44.00 145.00 103.00 
10103308.00 9.45 11.00 0.00 1.38 -43.00 144.00 108.00 
10128241.00 10.55 11.00 0.00 0.29 -36.00 137.00 111.00 
10153243.00 11.65 11.00 0.00 -1.52 -20.00 121.00 109.00 

