7167801.00 1.10 0.00 0.00 0.00 0.00 109.00 193.00 
7192640.00 2.20 0.00 0.00 0.00 0.00 109.00 193.00 
7217583.00 3.30 0.00 0.00 0.00 0.00 109.00 193.00 
7242577.00 4.40 0.00 0.00 0.00 0.00 109.00 193.00 
7267576.00 5.49 0.00 0.00 0.00 0.00 109.00 193.00 
7292665.00 6.59 0.00 0.00 0.00 0.00 109.00 192.00 
7317600.00 7.69 0.00 0.00 -0.05 0.00 108.00 189.00 
7342601.00 8.79 1.00 0.00 0.05 0.00 108.00 187.00 
7367592.00 9.89 5.00 0.00 -0.20 0.00 109.00 189.00 
7392659.00 10.99 6.00 0.00 0.01 0.00 110.00 184.00 
7417599.00 12.09 7.00 0.00 -0.10 0.00 112.00 188.00 
7442601.00 13.19 9.00 0.00 0.10 0.00 111.00 185.00 
7467603.00 14.29 10.00 0.00 -0.04 0.00 112.00 184.00 
7492663.00 15.38 12.00 0.00 -0.04 0.00 111.00 182.00 
7517602.00 16.48 12.00 0.00 -0.19 0.00 111.00 181.00 
7542591.00 17.58 14.00 0.00 0.03 0.00 109.00 180.00 
7567590.00 18.00 17.00 0.00 0.52 0.00 110.00 176.00 
7592657.00 18.00 17.00 0.00 1.76 -12.00 113.00 169.00 
7617580.00 18.00 17.00 0.00 0.76 -11.00 112.00 168.00 
7642575.00 18.00 18.00 0.00 0.48 -11.00 112.00 167.00 
7667574.00 18.00 17.00 0.00 -0.86 0.00 111.00 170.00 
7692632.00 18.00 18.00 0.00 -0.42 0.00 109.00 171.00 
7717567.00 18.00 17.00 0.00 -0.29 0.00 110.00 172.00 
7742565.00 18.00 16.00 0.00 -0.24 0.00 109.00 171.00 
7767547.00 18.00 18.00 0.00 -0.11 0.00 109.00 172.00 
7792620.00 18.00 17.00 0.00 0.03 0.00 109.00 171.00 
7817562.00 18.00 18.00 0.00 -0.09 0.00 108.00 170.00 
7842550.00 18.00 17.00 0.00 0.80 -9.00 110.00 169.00 
7867565.00 18.00 17.00 0.00 -0.47 0.00 108.00 170.00 
7892619.00 18.00 18.00 0.00 -0.31 0.00 109.00 170.00 
7917566.00 18.00 17.00 0.00 0.02 0.00 108.00 171.00 
7942549.00 18.00 18.00 0.00 0.56 -7.00 108.00 169.00 
7967535.00 18.00 19.00 0.00 -0.57 0.00 107.00 172.00 
7992625.00 18.00 17.00 0.00 -0.65 0.00 105.00 173.00 
8017575.00 17.15 18.00 0.00 0.08 0.00 104.00 176.00 
8042575.00 16.29 17.00 0.00 -0.13 0.00 104.00 175.00 
8067553.00 15.44 18.00 0.00 -0.03 0.00 104.00 176.00 
8092577.00 14.58 16.00 0.00 0.08 0.00 101.00 176.00 
8117632.00 15.68 16.00 0.00 -0.15 0.00 102.00 178.00 
8142548.00 14.83 15.00 0.00 -0.42 0.00 77.00 169.00 
8167556.00 13.97 15.00 0.00 -0.07 0.00 84.00 153.00 
8192562.00 13.12 14.00 0.00 0.25 0.00 86.00 165.00 
8217613.00 12.26 14.00 0.00 0.00 0.00 80.00 161.00 
8242541.00 11.41 13.00 0.00 0.01 0.00 70.00 160.00 
8267535.00 10.55 12.00 0.00 0.00 0.00 51.00 158.00 
8292544.00 9.70 11.00 0.00 0.10 0.00 27.00 154.00 
8317617.00 8.84 11.00 0.00 -0.42 6.00 16.00 176.00 
8342536.00 9.94 10.00 0.00 -0.86 10.00 11.00 180.00 
8367552.00 11.04 9.00 0.00 -0.55 13.00 7.00 183.00 
8392539.00 12.14 11.00 0.00 -0.28 12.00 5.00 182.00 
8417597.00 13.24 10.00 0.00 -0.02 11.00 3.00 181.00 
8442555.00 14.34 10.00 0.00 0.46 7.00 3.00 177.00 
8467538.00 15.44 14.00 0.00 0.66 3.00 2.00 173.00 
8492543.00 16.53 13.00 0.00 0.39 2.00 1.00 172.00 
8517601.00 17.63 16.00 0.00 -0.13 1.00 1.00 171.00 
8542542.00 18.00 16.00 0.00 0.13 0.00 1.00 169.00 
8567521.00 18.00 17.00 0.00 0.21 0.00 0.00 170.00 
8592511.00 18.00 18.00 0.00 -0.05 0.00 1.00 166.00 
8617628.00 18.00 18.00 0.00 0.12 0.00 0.00 166.00 
8642516.00 18.00 19.00 0.00 -0.12 0.00 1.00 163.00 
8667491.00 18.00 18.00 0.00 -0.18 0.00 0.00 162.00 
8692496.00 18.00 18.00 0.00 0.23 0.00 1.00 160.00 
8717585.00 18.00 19.00 0.00 0.12 0.00 0.00 160.00 
8742493.00 18.00 18.00 0.00 -0.17 0.00 1.00 158.00 
8767499.00 18.00 17.00 0.00 -0.16 0.00 0.00 159.00 
8792492.00 18.00 19.00 0.00 0.13 0.00 1.00 157.00 
8817587.00 18.00 17.00 0.00 0.19 0.00 0.00 157.00 
8842711.00 18.00 19.00 0.00 -0.17 0.00 1.00 156.00 
8867493.00 18.00 18.00 0.00 0.25 0.00 0.00 153.00 
8892937.00 18.00 19.00 0.00 -0.16 0.00 1.00 152.00 
8917625.00 18.00 18.00 0.00 0.27 0.00 1.00 152.00 
8942667.00 18.00 18.00 0.00 -0.07 0.00 1.00 151.00 
8967538.00 17.15 17.00 0.00 0.13 0.00 1.00 150.00 
8992494.00 16.29 18.00 0.00 0.03 0.00 3.00 151.00 
9017619.00 15.44 18.00 0.00 -0.08 0.00 7.00 157.00 
9042505.00 14.58 16.00 0.00 -0.01 0.00 25.00 113.00 
9067480.00 13.73 16.00 0.00 -0.01 0.00 84.00 112.00 
9092507.00 12.87 14.00 0.00 2.24 -25.00 126.00 121.00 
9117559.00 12.02 15.00 0.00 3.29 -38.00 139.00 117.00 
9142493.00 11.16 13.00 0.00 1.72 -35.00 136.00 119.00 
9167481.00 10.31 12.00 0.00 -2.42 0.00 82.00 129.00 
9192470.00 9.45 13.00 0.00 -2.72 0.00 24.00 124.00 
9217493.00 8.60 10.00 0.00 -0.82 0.00 9.00 121.00 
9242560.00 7.74 11.00 0.00 -0.49 0.00 4.00 135.00 
9267485.00 8.84 9.00 0.00 -0.04 0.00 2.00 140.00 
9292494.00 9.94 8.00 0.00 0.21 0.00 2.00 139.00 
9317481.00 11.04 9.00 0.00 -0.63 0.00 1.00 141.00 
9342559.00 12.14 8.00 0.00 -0.06 0.00 1.00 140.00 
9367472.00 13.24 10.00 0.00 -0.02 0.00 1.00 142.00 
9392455.00 14.34 12.00 0.00 0.00 0.00 1.00 142.00 
9417460.00 15.44 12.00 0.00 0.28 0.00 1.00 144.00 
9442552.00 16.53 14.00 0.00 0.11 0.00 1.00 144.00 
9467478.00 17.63 14.00 0.00 -0.29 0.00 0.00 144.00 
9492469.00 18.00 16.00 0.00 0.18 0.00 1.00 145.00 
9517448.00 18.00 17.00 0.00 0.04 0.00 0.00 145.00 
9542517.00 18.00 18.00 0.00 0.06 0.00 1.00 147.00 
9567432.00 18.00 18.00 0.00 -0.01 0.00 0.00 145.00 
9592436.00 18.00 18.00 0.00 -0.09 0.00 1.00 147.00 
9617452.00 18.00 18.00 0.00 -0.32 0.00 0.00 149.00 
9642585.00 18.00 19.00 0.00 0.31 0.00 1.00 149.00 
9667505.00 18.00 18.00 0.00 0.21 0.00 0.00 151.00 
9692440.00 18.00 18.00 0.00 -0.60 0.00 1.00 152.00 
9717439.00 18.00 18.00 0.00 0.00 0.00 0.00 154.00 
9742510.00 18.00 18.00 0.00 0.07 0.00 1.00 155.00 
9767430.00 18.00 18.00 0.00 -0.19 0.00 1.00 155.00 
9792440.00 18.00 18.00 0.00 0.08 0.00 1.00 158.00 
9817439.00 18.00 18.00 0.00 0.17 0.00 1.00 159.00 
9842511.00 18.00 18.00 0.00 -0.21 0.00 1.00 163.00 
9867483.00 18.00 19.00 0.00 -0.10 0.00 1.00 166.00 
9892449.00 17.15 18.00 0.00 0.21 0.00 2.00 166.00 
9917439.00 18.00 17.00 0.00 -0.07 0.00 3.00 168.00 
9942520.00 17.15 18.00 0.00 -0.79 0.00 6.00 170.00 
9967438.00 16.29 19.00 0.00 -0.55 3.00 13.00 173.00 
9992452.00 15.44 18.00 0.00 -0.08 0.00 32.00 156.00 
10017446.00 14.58 16.00 0.00 0.04 0.00 69.00 130.00 
10042498.00 13.73 16.00 0.00 0.21 0.00 95.00 163.00 
10067438.00 12.87 15.00 0.00 0.62 -3.00 104.00 157.00 
10092444.00 12.02 14.00 0.00 0.25 -7.00 108.00 159.00 
10117434.00 11.16 13.00 0.00 0.32 -7.00 108.00 161.00 
10142503.00 10.31 12.00 0.00 0.24 -6.00 107.00 161.00 

