7170776.00 1.10 0.00 0.00 3.00 -33.00 134.00 158.00 
7195552.00 2.20 0.00 0.00 2.91 -32.00 133.00 158.00 
7220617.00 3.30 0.00 0.00 3.00 -33.00 134.00 158.00 
7245549.00 4.40 0.00 0.00 2.91 -32.00 133.00 158.00 
7270547.00 5.49 0.00 0.00 3.00 -33.00 134.00 158.00 
7295576.00 6.59 0.00 0.00 2.90 -32.00 133.00 157.00 
7320645.00 7.69 3.00 0.00 0.24 -28.00 129.00 161.00 
7345564.00 8.79 5.00 0.00 -0.56 -18.00 119.00 163.00 
7370572.00 9.89 5.00 0.00 -1.69 -11.00 112.00 164.00 
7395578.00 10.99 5.00 0.00 -2.32 -2.00 103.00 166.00 
7420643.00 12.09 7.00 0.00 -1.66 2.00 99.00 172.00 
7445578.00 13.19 8.00 0.00 -0.84 3.00 95.00 173.00 
7470566.00 14.29 10.00 0.00 -1.13 6.00 93.00 176.00 
7495563.00 15.38 10.00 0.00 -1.09 9.00 90.00 179.00 
7520627.00 16.48 12.00 0.00 -0.84 12.00 89.00 182.00 
7545583.00 17.58 13.00 0.00 -0.74 14.00 86.00 184.00 
7570574.00 18.00 15.00 0.00 -1.37 18.00 86.00 188.00 
7595559.00 18.00 17.00 0.00 -0.98 22.00 84.00 192.00 
7620614.00 18.00 17.00 0.00 -1.16 25.00 84.00 195.00 
7645554.00 18.00 16.00 0.00 -0.96 27.00 84.00 197.00 
7670516.00 18.00 18.00 0.00 -0.97 29.00 87.00 199.00 
7695531.00 18.00 17.00 0.00 -0.60 30.00 89.00 200.00 
7720802.00 18.00 18.00 0.00 1.21 11.00 90.00 181.00 
7745730.00 18.00 18.00 0.00 -1.13 28.00 96.00 198.00 
7770531.00 18.00 17.00 0.00 -0.49 24.00 99.00 194.00 
7795986.00 18.00 18.00 0.00 1.72 0.00 101.00 190.00 
7820547.00 18.00 17.00 0.00 1.21 0.00 104.00 182.00 
7845637.00 18.00 19.00 0.00 0.48 0.00 103.00 178.00 
7870528.00 18.00 16.00 0.00 -0.04 0.00 106.00 174.00 
7895511.00 18.00 18.00 0.00 -0.41 0.00 105.00 173.00 
7920578.00 18.00 20.00 0.00 -0.62 0.00 107.00 175.00 
7945516.00 18.00 18.00 0.00 -0.02 0.00 107.00 175.00 
7970519.00 18.00 16.00 0.00 -0.16 0.00 108.00 174.00 
7995507.00 18.00 18.00 0.00 -0.02 0.00 110.00 173.00 
8020536.00 17.15 19.00 0.00 -0.59 0.00 110.00 172.00 
8045606.00 16.29 18.00 0.00 -0.41 0.00 111.00 172.00 
8070986.00 15.44 16.00 0.00 0.28 0.00 112.00 172.00 
8095523.00 14.58 16.00 0.00 0.32 0.00 112.00 170.00 
8120533.00 13.73 15.00 0.00 0.68 -12.00 113.00 153.00 
8145605.00 14.83 15.00 0.00 -0.73 0.00 87.00 125.00 
8170519.00 13.97 15.00 0.00 -0.89 0.00 88.00 152.00 
8195509.00 13.12 14.00 0.00 -0.02 0.00 100.00 151.00 
8220502.00 12.26 14.00 0.00 0.17 0.00 95.00 152.00 
8245635.00 11.41 13.00 0.00 0.10 0.00 90.00 153.00 
8270513.00 10.55 12.00 0.00 -0.39 0.00 77.00 151.00 
8295508.00 9.70 10.00 0.00 -0.17 0.00 50.00 149.00 
8320504.00 8.84 10.00 0.00 0.04 0.00 27.00 167.00 
8345600.00 9.94 10.00 0.00 0.13 0.00 16.00 168.00 
8370503.00 11.04 10.00 0.00 -0.10 0.00 11.00 170.00 
8395504.00 12.14 9.00 0.00 -0.17 0.00 5.00 170.00 
8420517.00 13.24 10.00 0.00 -0.03 2.00 4.00 172.00 
8445586.00 14.34 12.00 0.00 -0.10 0.00 2.00 169.00 
8470506.00 15.44 14.00 0.00 0.21 0.00 1.00 169.00 
8495503.00 16.53 13.00 0.00 0.14 0.00 0.00 168.00 
8520494.00 17.63 15.00 0.00 -0.14 0.00 0.00 169.00 
8545560.00 18.00 16.00 0.00 0.22 0.00 0.00 169.00 
8570938.00 18.00 18.00 0.00 -0.27 1.00 0.00 171.00 
8595477.00 18.00 17.00 0.00 -0.38 0.00 0.00 168.00 
8620479.00 18.00 18.00 0.00 0.08 0.00 0.00 167.00 
8645554.00 18.00 19.00 0.00 -0.10 0.00 0.00 164.00 
8670561.00 18.00 18.00 0.00 -0.09 0.00 0.00 166.00 
8695445.00 18.00 19.00 0.00 -0.07 0.00 0.00 163.00 
8720446.00 18.00 18.00 0.00 0.01 0.00 0.00 166.00 
8745747.00 18.00 16.00 0.00 -0.00 0.00 1.00 163.00 
8770537.00 18.00 19.00 0.00 -0.47 0.00 0.00 166.00 
8795938.00 18.00 19.00 0.00 -0.59 0.00 1.00 167.00 
8820461.00 18.00 19.00 0.00 -0.13 0.00 0.00 169.00 
8846009.00 18.00 18.00 0.00 0.18 0.00 1.00 169.00 
8870464.00 18.00 16.00 0.00 -0.23 0.00 0.00 170.00 
8895454.00 18.00 18.00 0.00 -0.29 0.00 0.00 169.00 
8920448.00 18.00 18.00 0.00 0.32 0.00 1.00 170.00 
8945515.00 18.00 18.00 0.00 0.12 1.00 1.00 171.00 
8970476.00 17.15 17.00 0.00 0.06 2.00 2.00 172.00 
8995469.00 16.29 18.00 0.00 -0.15 2.00 5.00 172.00 
9020473.00 15.44 18.00 0.00 -0.20 5.00 14.00 175.00 
9045545.00 14.58 16.00 0.00 -0.48 6.00 37.00 176.00 
9070462.00 13.73 16.00 0.00 0.25 0.00 88.00 155.00 
9095450.00 12.87 14.00 0.00 0.60 -4.00 105.00 156.00 
9120460.00 12.02 14.00 0.00 0.95 -9.00 110.00 148.00 
9145460.00 11.16 14.00 0.00 0.33 -3.00 104.00 137.00 
9170522.00 10.31 11.00 0.00 -0.90 0.00 78.00 146.00 
9195453.00 9.45 11.00 0.00 -0.38 0.00 38.00 133.00 
9220459.00 8.60 10.00 0.00 0.24 0.00 22.00 146.00 
9245915.00 7.74 10.00 0.00 0.29 0.00 15.00 150.00 
9270514.00 6.89 9.00 0.00 -0.28 0.00 9.00 149.00 
9295457.00 7.99 8.00 0.00 -0.20 0.00 6.00 149.00 
9320447.00 9.09 7.00 0.00 -0.13 0.00 4.00 149.00 
9345450.00 10.19 7.00 0.00 0.21 0.00 3.00 147.00 
9370507.00 11.28 9.00 0.00 -0.13 0.00 2.00 148.00 
9395446.00 12.38 9.00 0.00 -0.03 0.00 2.00 147.00 
9420431.00 13.48 11.00 0.00 0.09 0.00 1.00 149.00 
9445437.00 14.58 11.00 0.00 -0.17 0.00 1.00 146.00 
9470525.00 15.68 12.00 0.00 -0.18 0.00 1.00 147.00 
9495447.00 16.78 15.00 0.00 0.72 0.00 1.00 144.00 
9520449.00 17.88 16.00 0.00 0.19 0.00 1.00 142.00 
9545440.00 18.00 17.00 0.00 0.22 0.00 1.00 140.00 
9570471.00 18.00 17.00 0.00 -0.28 0.00 0.00 139.00 
9595390.00 18.00 19.00 0.00 -0.14 0.00 1.00 138.00 
9620407.00 18.00 17.00 0.00 0.18 0.00 0.00 138.00 
9645407.00 18.00 18.00 0.00 -0.32 0.00 1.00 135.00 
9670493.00 18.00 18.00 0.00 -0.13 0.00 0.00 136.00 
9695411.00 18.00 18.00 0.00 0.34 0.00 1.00 134.00 
9720406.00 18.00 19.00 0.00 0.24 0.00 0.00 133.00 
9745392.00 18.00 18.00 0.00 0.00 0.00 1.00 133.00 
9770458.00 18.00 19.00 0.00 -1.08 0.00 0.00 136.00 
9795385.00 18.00 19.00 0.00 -0.48 0.00 1.00 137.00 
9820401.00 18.00 18.00 0.00 0.36 0.00 0.00 137.00 
9845413.00 18.00 18.00 0.00 -0.72 0.00 1.00 135.00 
9870478.00 18.00 18.00 0.00 -0.07 0.00 1.00 136.00 
9895398.00 18.00 18.00 0.00 0.57 0.00 1.00 134.00 
9920402.00 18.00 19.00 0.00 0.34 0.00 1.00 131.00 
9945397.00 17.15 18.00 0.00 -0.02 0.00 2.00 131.00 
9970450.00 16.29 17.00 0.00 0.19 0.00 2.00 124.00 
9995403.00 15.44 18.00 0.00 -0.28 0.00 3.00 114.00 
10020395.00 14.58 16.00 0.00 0.06 0.00 7.00 82.00 
10045400.00 13.73 16.00 0.00 0.09 0.00 18.00 90.00 
10070458.00 12.87 14.00 0.00 0.09 0.00 46.00 108.00 
10095395.00 12.02 14.00 0.00 0.75 -7.00 108.00 110.00 
10120513.00 11.16 13.00 0.00 2.67 -30.00 131.00 94.00 
10145456.00 10.31 12.00 0.00 3.45 -47.00 148.00 94.00 
10170417.00 9.45 12.00 0.00 1.90 -48.00 149.00 81.00 
10195478.00 8.60 12.00 0.00 1.16 -43.00 144.00 74.00 
10220398.00 7.74 10.00 0.00 -0.65 -27.00 128.00 77.00 
10245383.00 6.89 10.00 0.00 -1.84 -15.00 116.00 82.00 
10270392.00 7.99 7.00 0.00 -2.31 -5.00 106.00 87.00 
10295507.00 9.09 8.00 0.00 -1.55 0.00 100.00 89.00 
10320383.00 10.19 8.00 0.00 -0.54 0.00 96.00 76.00 
10345364.00 11.28 9.00 0.00 0.39 0.00 95.00 58.00 
10370376.00 12.38 9.00 0.00 -0.10 0.00 93.00 44.00 
10395465.00 13.48 10.00 0.00 -0.93 0.00 90.00 34.00 
10420376.00 14.58 12.00 0.00 0.11 0.00 88.00 25.00 
10445371.00 15.68 13.00 0.00 0.33 0.00 87.00 19.00 
10470378.00 16.78 13.00 0.00 -0.30 0.00 84.00 16.00 
10495480.00 17.88 16.00 0.00 -0.09 0.00 82.00 14.00 
10520378.00 18.00 16.00 0.00 -0.13 0.00 80.00 13.00 
10545365.00 18.00 18.00 0.00 -0.83 0.00 76.00 12.00 
10570328.00 18.00 19.00 0.00 -0.71 0.00 72.00 12.00 
10595443.00 18.00 17.00 0.00 -0.12 0.00 70.00 12.00 
10620345.00 18.00 18.00 0.00 0.05 0.00 67.00 11.00 
10645341.00 18.00 18.00 0.00 0.09 0.00 66.00 11.00 
10670467.00 18.00 18.00 0.00 0.21 0.00 63.00 11.00 
10695437.00 18.00 18.00 0.00 0.04 0.00 62.00 11.00 
10720810.00 18.00 18.00 0.00 -0.43 0.00 59.00 11.00 
10745322.00 18.00 18.00 0.00 -0.06 0.00 58.00 11.00 
10770338.00 18.00 17.00 0.00 0.17 0.00 56.00 11.00 
10795396.00 18.00 18.00 0.00 -0.28 0.00 54.00 11.00 
10820335.00 18.00 18.00 0.00 -0.26 0.00 53.00 11.00 
10845329.00 18.00 18.00 0.00 0.36 0.00 52.00 11.00 
10870322.00 18.00 18.00 0.00 0.16 0.00 51.00 11.00 
10895402.00 18.00 18.00 0.00 -0.15 0.00 50.00 11.00 
10920345.00 17.15 19.00 0.00 -0.16 0.00 49.00 11.00 
10945339.00 16.29 18.00 0.00 0.06 0.00 48.00 12.00 
10970339.00 15.44 17.00 0.00 -0.10 0.00 47.00 11.00 
10995390.00 14.58 16.00 0.00 0.00 0.00 46.00 12.00 
11020343.00 13.73 17.00 0.00 0.02 0.00 44.00 12.00 
11045343.00 12.87 15.00 0.00 -0.09 0.00 44.00 12.00 
11070318.00 12.02 14.00 0.00 0.05 0.00 43.00 14.00 
11095407.00 11.16 12.00 0.00 0.21 0.00 42.00 20.00 
11120317.00 10.31 12.00 0.00 -0.42 8.00 41.00 178.00 
11145324.00 9.45 12.00 0.00 -5.63 64.00 40.00 234.00 
11170342.00 8.60 10.00 0.00 -5.22 64.00 40.00 234.00 
11195667.00 7.74 11.00 0.00 -1.80 65.00 43.00 235.00 
11220332.00 6.89 10.00 0.00 -0.53 64.00 46.00 234.00 
11245331.00 7.99 7.00 0.00 -0.72 64.00 51.00 234.00 
11270327.00 9.09 7.00 0.00 -2.79 62.00 55.00 232.00 
11295323.00 10.19 8.00 0.00 -2.08 63.00 56.00 233.00 
11320394.00 11.28 8.00 0.00 -1.54 61.00 56.00 231.00 
11345321.00 12.38 8.00 0.00 -1.35 61.00 56.00 231.00 
11370331.00 13.48 9.00 0.00 -0.89 59.00 57.00 229.00 
11395318.00 14.58 9.00 0.00 -0.45 57.00 58.00 227.00 
11420383.00 15.68 10.00 0.00 0.01 53.00 57.00 223.00 
11445301.00 16.78 13.00 0.00 -0.41 48.00 59.00 218.00 
11470304.00 17.88 14.00 0.00 -0.07 40.00 59.00 210.00 
11495316.00 18.00 15.00 0.00 2.75 13.00 61.00 183.00 
11520370.00 18.00 17.00 0.00 3.01 0.00 63.00 149.00 
11545304.00 18.00 18.00 0.00 1.57 0.00 68.00 125.00 
11570288.00 18.00 19.00 0.00 0.56 0.00 73.00 107.00 
11595275.00 18.00 19.00 0.00 0.09 0.00 80.00 90.00 
11620325.00 18.00 18.00 0.00 -0.11 0.00 88.00 73.00 
11645285.00 18.00 18.00 0.00 0.40 0.00 97.00 54.00 
11670286.00 18.00 19.00 0.00 0.94 -7.00 108.00 38.00 
11695280.00 18.00 17.00 0.00 2.05 -22.00 123.00 23.00 
11720364.00 18.00 17.00 0.00 2.78 -40.00 141.00 16.00 
11745276.00 18.00 18.00 0.00 3.55 -65.00 166.00 13.00 
11770275.00 18.00 17.00 0.00 3.98 -90.00 191.00 13.00 
11795260.00 18.00 18.00 0.00 4.53 -109.00 210.00 14.00 
11820323.00 18.00 20.00 0.00 3.14 -114.00 215.00 18.00 
11845270.00 18.00 21.00 0.00 2.29 -117.00 218.00 25.00 
11870284.00 18.00 19.00 0.00 1.48 -115.00 216.00 38.00 
11895292.00 17.15 20.00 0.00 0.70 -110.00 211.00 54.00 
11920372.00 18.00 20.00 0.00 -3.25 -64.00 165.00 74.00 
11945267.00 17.15 19.00 0.00 -6.70 -9.00 110.00 93.00 
11970280.00 16.29 19.00 0.00 -5.35 0.00 24.00 103.00 
11995267.00 15.44 21.00 0.00 -2.07 0.00 10.00 102.00 
12020811.00 14.58 18.00 0.00 -0.88 0.00 8.00 94.00 
12045283.00 13.73 18.00 0.00 0.32 0.00 7.00 85.00 
12070269.00 12.87 16.00 0.00 -0.22 0.00 7.00 78.00 
12095275.00 12.02 14.00 0.00 -0.05 0.00 6.00 73.00 
12120324.00 11.16 14.00 0.00 0.16 0.00 5.00 69.00 
12145265.00 10.31 11.00 0.00 0.45 0.00 5.00 64.00 

