4484 25059 -111
4509 24863 -110
4534 24815 -112
4559 25089 -111
4584 24927 -111
4609 24843 -111
4634 25315 -111
4659 24891 -111
4684 24841 -112
4709 25153 -111
4734 24935 -112
4759 24927 -111
4784 25267 -111
4809 24777 -111
4834 24875 -111
4859 24967 -112
4884 24843 -110
4909 24809 -111
4934 25181 -112
4959 24689 -111
4984 25041 -110
5009 25033 -112
5034 24777 -110
5059 24759 -112
5084 25111 -111
5109 24681 -110
5134 24673 -111
5159 25109 -111
5184 24841 -111
5209 24709 -111
5234 25101 -110
5259 24699 -111
5284 24673 -111
5309 25005 -111
5334 24611 -110
5359 24683 -111
5384 24911 -110
5409 24847 -112
5434 24583 -110
5459 25095 -111
5484 24729 -110
5509 24843 -111
5534 24907 -111
5559 24847 -108
5584 24599 -111
5609 24821 -110
5634 24933 -111
5659 24783 -111
5684 25143 -110
5709 24865 -112
5734 24613 -110
5759 24941 -111
5784 24657 -111
5809 24789 -111
5834 25067 -111
5859 24959 -110
5884 24785 -112
5909 25051 -110
5934 24779 -112
5959 24791 -110
5984 24987 -112
6009 24729 -111
6034 24861 -110
6059 24953 -111
6084 24727 -110
6109 24651 -112
6134 24957 -111
6159 25133 -110
6184 24891 -111
6209 25121 -111
6234 24821 -112
6259 24637 -111
6284 24889 -111
6309 25161 -110
6334 24757 -112
6359 24853 -111
6384 25073 -111
6409 24773 -112
6434 25211 -111
6459 24989 -110
6484 24621 -112
6509 24769 -111
6534 24959 -111
6559 24927 -111
6584 25001 -111
6609 24895 -111
6634 24829 -112
6659 25139 -111
6684 24793 -111
6709 24845 -112
6734 25027 -110
6759 24773 -111
6784 24731 -111
6809 25091 -110
6834 25035 -112
6859 24855 -111
6884 24891 -112
6909 24757 -110
6934 24853 -112
6959 25243 -111
6984 24855 -111
7009 24693 -111
7034 24963 -112
7059 24995 -110
7084 24785 -112
7109 24849 -111
7134 24999 -110
7159 24729 -112
7184 25099 -112
7209 25139 -111
7234 24837 -111
7259 25053 -111
7284 25017 -112
7309 24779 -110
7334 24913 -112
7359 25009 -112
7384 24907 -111
7409 25195 -111
7434 24825 -111
7459 24853 -111
7484 25059 -112
7509 24969 -110
7534 24743 -112
7559 25041 -111
7584 24863 -112
7609 24925 -110
7634 25177 -112
7659 25005 -112
7684 24803 -112
7709 25097 -110
7734 24795 -111
7759 24879 -112
7784 25071 -111
7809 25199 -112
7834 24681 -111
7859 25221 -111
7884 25007 -112
7909 24855 -111
7934 24887 -112
7959 24875 -110
7984 24819 -112
8009 25129 -111
8034 25157 -112
8059 24793 -111
8084 25167 -112
8109 24987 -112
8134 24961 -111
8159 25129 -112
8184 25081 -112
8209 24927 -112
8234 25283 -112
8259 25113 -112
8284 25317 -113
8309 25339 -112
8334 25025 -112
8359 24989 -113
8384 25379 -111
8409 25211 -113
8434 25341 -113
8459 25435 -113
8484 25201 -113
8509 25289 -114
8534 25461 -112
8559 25115 -114
8584 25297 -113
8609 25541 -114
8634 25361 -113
8659 25407 -114
8684 25533 -114
8709 25725 -113
8734 25701 -115
8759 25579 -114
8784 25567 -115
8809 25731 -114
8834 25673 -115
8859 25359 -114
8884 25517 -114
8909 25679 -115
8934 25461 -115
8959 25577 -113
8984 25615 -115
9009 25325 -113
9034 25585 -114
9059 25679 -113
9084 25205 -115
9109 25737 -114
9134 25535 -113
9159 25423 -114
9184 25433 -114
9209 25591 -113
9234 25349 -113
9259 25375 -115
9284 25171 -113
9309 25351 -114
9334 25625 -113
9359 25435 -113
9384 25379 -115
9409 25497 -114
9434 25359 -114
9459 25621 -114
9484 25785 -115
9509 25525 -114
9534 25673 -114
9559 25601 -115
9584 25507 -115
9609 25569 -114
9634 25893 -114
9659 25679 -115
9684 25719 -114
9709 25779 -115
9734 25433 -115
9759 25627 -115
9784 25769 -115
9809 25635 -114
9834 25763 -114
9859 25749 -114
9884 25575 -115
9909 25803 -114
9934 25309 -114
9959 25391 -115
9984 25765 -113
10009 25357 -114
10034 25317 -113
10059 25441 -115
10084 25521 -113
10109 25477 -114
10134 25735 -114
10159 25415 -114
10184 25595 -114
10209 25331 -111
10234 25107 -114
10259 25337 -113
10284 25541 -113
10309 25281 -113
10334 25497 -114
10359 25379 -113
10384 25103 -114
10409 25287 -113
10434 25527 -114
10459 25221 -112
10484 25367 -114
10509 25371 -113
10534 25209 -113
10559 25193 -113
10584 25251 -113
10609 25437 -113
10634 25387 -114
10659 25355 -113
10684 25413 -113
10709 25385 -114
10734 25415 -113
10759 25231 -114
10784 25465 -113
10809 25621 -114
10834 25399 -113
10859 25441 -114
10884 25245 -113
10909 25155 -114
10934 25349 -113
10959 25455 -113
10984 25305 -114
11009 25391 -113
11034 25309 -112
11059 25143 -114
11084 25263 -112
11109 25185 -113
11134 25157 -113
11159 25513 -114
11184 25227 -112
11209 25327 -113
11234 25309 -113
11259 25539 -114
11284 25443 -113
11309 25359 -113
11334 25003 -114
11359 25197 -112
11384 25373 -113
11409 25393 -113
11434 25161 -113
11459 25425 -113
11484 25139 -113
11509 25295 -113
11534 25479 -114
11559 25281 -113
11584 25417 -114
11609 25319 -112
11634 25243 -114
11659 25245 -113
11684 25473 -113
11709 25325 -113
11734 25409 -114
11759 25491 -114
11784 25127 -113
11809 25503 -113
11834 25541 -114
11859 25183 -113
11884 25467 -114
11909 25515 -112
11934 25133 -114
11959 25193 -113
11984 25533 -112
12009 25315 -114
12034 25363 -113
12059 25191 -113
12084 25307 -114
12109 25339 -114
12134 25515 -113
12159 25329 -113
12184 25319 -114
12209 25589 -114
12234 25489 -113
12259 25469 -114
12284 25441 -114
12309 25197 -113
12334 25429 -114
12359 25175 -113
12384 25263 -114
12409 25499 -114
12434 25573 -114
12459 25113 -113
12484 25535 -114
12509 25553 -114
12534 25463 -113
12559 25531 -112
12584 25289 -114
12609 25393 -113
12634 25407 -116
12659 25339 -111
12684 25355 -114
12709 25507 -112
12734 25389 -114
12759 25345 -114
12784 25435 -112
12809 25389 -114
12834 25287 -114
12859 25369 -113
12884 25269 -112
12909 25295 -113
12934 25207 -113
12959 25119 -112
12984 24925 -113
13009 25149 -111
13034 24929 -113
13059 24985 -111
13084 25145 -112
13109 25107 -113
13134 25149 -113
13159 25239 -111
13184 24971 -112
13209 25221 -113
13234 25365 -112
13259 24821 -113
13284 24913 -112
13309 25089 -112
13334 25179 -112
13359 25085 -113
13384 25375 -113
13409 25193 -112
13434 25285 -113
13459 25217 -112
13484 25085 -112
13509 25199 -113
13534 25295 -114
13559 25267 -112
13584 25407 -113
13609 25331 -114
13634 25263 -113
13659 25359 -114
13684 25231 -114
13709 25277 -112
13734 25363 -114
13759 25319 -113
13784 25341 -113
13809 25421 -114
13834 25301 -113
13859 24955 -113
13884 25333 -114
13909 25437 -112
13934 25217 -114
13959 25235 -113
13984 25331 -114
14009 25351 -113
14034 25225 -113
14059 25333 -113
14084 25097 -112
14109 25185 -113
14134 25215 -112
14159 25045 -112
14184 25197 -112
14209 25055 -113
14234 24905 -112
14259 25209 -113
14283 25455 -112
14308 25179 -113
14333 25111 -113
14359 25237 -113
14383 24897 -112
14408 25067 -113
14433 25343 -111
14459 24995 -113
14483 25151 -112
14508 25189 -113
14533 24829 -112
14559 25061 -112
14583 25183 -112
14608 24997 -114
14633 25079 -112
14659 25225 -113
14683 25015 -113
14708 25117 -113
14733 25165 -112
14758 25289 -113
14784 25313 -113
14808 25203 -112
14833 24991 -112
14858 25363 -114
14883 25325 -113
14908 25153 -112
14933 25139 -113
14958 25405 -113
14983 25331 -113
15008 25313 -113
15033 25307 -113
15058 25091 -113
15083 25279 -114
15108 25421 -112
15133 25117 -113
15158 25121 -113
15183 25235 -113
15208 25041 -112
15233 25153 -113
15258 25401 -113
15283 25285 -114
15308 25317 -113
15333 25399 -113
15358 25247 -113
15383 25261 -114
15408 25189 -113
15433 25203 -113
15458 25407 -113
15483 25583 -113
15508 25279 -114
15533 25347 -114
15558 25471 -113
15583 25275 -114
15608 25429 -113
15633 25569 -114
15658 25267 -113
15683 25495 -114
15708 25579 -114
15733 25341 -114
15758 25423 -114
15783 25575 -114
15809 25209 -115
15833 25429 -112
15858 25431 -113
15883 25355 -114
15908 25437 -112
15933 25359 -113
15958 25135 -113
15983 25289 -112
16008 25081 -113
16033 25161 -113
16058 25343 -113
16083 25323 -113
16108 25037 -113

21858 25227 -113
21883 24867 -113
21908 25145 -112
21933 25415 -113
21958 25077 -112
21983 25155 -112
22008 24991 -113
22033 25019 -112
22058 24879 -112
22083 25065 -112
22108 25193 -113
22133 25091 -113
22158 25117 -112
22183 25251 -112
22208 25297 -114
22233 25199 -112
22258 25047 -112
22283 25155 -114
22308 25239 -113
22333 25193 -113
22358 25237 -112
22383 25197 -114
22408 25103 -113
22433 25265 -114
22458 25409 -113
22483 25201 -114
22508 25321 -114
22533 25387 -113
22558 25265 -114
22583 25415 -114
22608 25585 -114
22633 25303 -114
22658 25413 -114
22683 25677 -114
22708 25425 -113
22733 25413 -114
22758 25557 -114
22783 25311 -114
22808 25373 -115
22833 25711 -113
22858 25481 -114
22883 25445 -113
22908 25459 -114
22933 25251 -114
22958 25357 -115
22983 25603 -113
23008 25161 -114
23033 25569 -114
23058 25531 -115
23083 25403 -113
23108 25453 -114
23133 25521 -114
23158 25239 -114
23183 25377 -114
23208 25441 -114
23233 25451 -114
23258 25433 -114
23283 25561 -116
23308 25435 -112
23333 25465 -113
23358 25657 -114
23383 25339 -114
23408 25397 -112
23433 25357 -114
23458 25197 -114
23483 25203 -112
23508 25427 -113
23533 25093 -112
23558 25277 -113
23583 25319 -113
23608 25117 -112
23633 25047 -112
23658 25181 -113
23683 24953 -112
23708 25279 -113
23733 25275 -113
23758 25217 -112
23783 25269 -114
23808 25199 -113
23833 25153 -113
23858 25251 -114
23883 25271 -113
23908 25159 -114
23933 25377 -113
23958 25419 -114
23983 25431 -114
24008 25361 -113
24033 25561 -114
24058 25339 -114
24083 25325 -114
24108 25483 -113
24133 25205 -113
24158 25249 -114
24183 25553 -114
24208 25263 -113
24233 25297 -113
24258 25399 -114
24283 25277 -114
24308 25307 -113
24333 25315 -114
24358 25203 -113
24383 25157 -114
24408 25421 -112
24433 25327 -114
24458 25303 -114
24483 25479 -114
24508 25271 -114
24533 25335 -113
24558 25431 -113
24583 25133 -114
24608 25277 -113
24633 25421 -113
24658 25115 -112
24683 25155 -114
24708 25415 -113
24733 25177 -112
24758 25235 -113
24783 24967 -112
24808 25065 -113
24833 24871 -112
24858 25191 -112
24883 25209 -112
24908 25091 -113
24933 25207 -113
24958 24975 -112
24983 25059 -112
25008 25159 -113
25033 24925 -112
25058 24991 -112
25083 25237 -112
25108 24943 -113
25133 25023 -112
25158 25243 -113
25183 25157 -113
25208 25123 -112
25233 25209 -113
25258 25035 -114
25283 25131 -112
25308 25337 -113
25333 25029 -112
25358 25177 -114
25383 25133 -112
25408 24955 -113
25433 25117 -113
25458 25361 -112
25483 25113 -113
25508 25099 -113
25533 25065 -112
25558 25185 -113
25583 25111 -113
25608 25141 -112
25633 25123 -112
25658 25251 -114
25683 25253 -112
25708 25065 -112
25733 25209 -114
25758 25225 -113
25783 25239 -114
25808 25199 -112
25833 25215 -113
25858 25201 -114
25883 25331 -112
25908 25311 -113
25933 25061 -113
25958 25223 -114
25983 25427 -113
26008 25159 -114
26033 25237 -113
26058 25309 -113
26083 25373 -114
26108 25297 -113
26133 25415 -114
26158 25221 -113
26183 25353 -113
26208 25381 -114
26233 25325 -114
26258 25201 -113
26283 25283 -113
26308 25199 -114
26333 25409 -113
26358 25295 -114
26383 25325 -113
26408 25321 -111
26433 25297 -114
26458 25213 -115
26483 25185 -112
26508 25381 -114
26533 25257 -112
26558 25261 -114
26583 25261 -113
26608 25107 -113
26633 25225 -112
26658 25187 -112
26683 24935 -113
26708 25139 -112
26733 25093 -112
26758 25115 -113
26783 25217 -112
26808 25189 -113
26833 24995 -112
26858 25033 -113
26883 25139 -112
26908 24807 -112
26933 24977 -112
26958 24919 -111
26983 25055 -113
27008 24985 -112
27033 25185 -111
27058 24931 -113
27083 25119 -112
27108 25231 -113
27133 25119 -112
27158 24937 -114
27183 25059 -112
27208 25101 -112
27233 24969 -112
27258 25221 -113
27283 25215 -111
27308 24987 -114
27333 25179 -111
27358 25127 -113
27383 24913 -112
27408 25255 -112
27433 25209 -113
27458 25135 -113
27483 25053 -112
27508 25263 -113
27533 25159 -112
27558 25217 -113
27583 24669 -112
27608 24907 -112
27633 25095 -113
27658 25187 -112
27683 24873 -113
27708 25043 -112
27733 25319 -111
27758 24945 -113
27783 25139 -112
27808 24973 -111
27833 24961 -113
27858 25019 -112
27883 25069 -113
27908 25085 -113
27933 25099 -113
27958 25439 -112
27983 25191 -113
28008 25225 -113
28033 25165 -112
28058 24963 -113
28083 25199 -113
28108 25321 -114
28133 25177 -112
28158 25097 -113
28183 25269 -113
28208 25317 -113
28233 25225 -113
28258 25179 -113
28283 25061 -113
28308 25177 -114
28333 25301 -112
28358 25241 -114
28383 25309 -113
28408 25465 -114
28433 25281 -113
28458 25397 -114
28483 25467 -114
28508 25249 -113
28533 25201 -113
28558 25089 -114
28583 25287 -113
28608 25247 -115
28633 25463 -111
28658 25245 -114
28683 25273 -112
28708 25219 -113
28733 24975 -113
28758 25073 -112
28783 25177 -113
28808 25051 -113
28833 25031 -112
28858 25145 -112
28883 25209 -114
28908 25155 -112
28933 25203 -113
28958 25029 -113
28983 25157 -113
29008 25291 -113
29033 25185 -114
29058 25153 -112
29083 25195 -114
29108 25279 -113
29133 25325 -113
29158 25307 -113
29183 25195 -114
29208 25229 -113
29233 25323 -114
29258 25199 -113
29283 25063 -113
29308 25337 -113
29333 25081 -113
29358 25081 -112
29383 25087 -112
29408 25049 -112
29433 25087 -112
29458 25085 -113
29483 24909 -113
29508 25107 -112
29533 25301 -113
29558 25023 -112
29583 25115 -113
29608 25165 -112
29633 24909 -112
29658 25065 -112
29683 25127 -113
29708 24961 -112
29733 24953 -112
29758 25131 -112
29783 25215 -113
29808 25195 -112
29833 25047 -113
29858 24843 -112
29883 25167 -113
29907 25179 -113
29932 24971 -112
29957 25081 -113
29982 25121 -112
30007 25207 -113
30032 25173 -113
30057 25519 -113
30082 25097 -113
30107 25183 -113
30132 25245 -112
30157 25029 -112
30182 25011 -114
30207 25269 -112
30232 24941 -113
30257 25047 -112
30282 25365 -112
30307 25217 -113
30332 25069 -113
30357 25277 -112
30382 25097 -114
30407 25161 -113
30432 25273 -113
30457 25171 -114
30482 25239 -112
30507 25275 -114
30532 25267 -113
30557 25305 -113
30582 25279 -112
30607 25103 -114
30632 25189 -114
30657 25071 -112
30682 25397 -114
30707 25337 -114
30732 25387 -113
30757 25319 -113
30782 25383 -113
30807 25463 -114
30832 25271 -113
30857 25205 -114
30882 25477 -113
30907 25393 -114
30932 25315 -113
30957 25495 -114
30982 25493 -114
31007 25423 -114
31032 25485 -114
31057 25181 -113
31082 25187 -113
31107 25285 -114
31132 25209 -112
31157 25277 -114
31182 25121 -113
31207 25333 -113
31232 25215 -114
31257 25345 -113
31282 25185 -112
31307 25453 -114
31332 25407 -113
31357 25313 -114
31382 25219 -113
31407 25299 -113
31432 25385 -114
31457 25315 -114
31482 25287 -112
31507 25161 -113
31532 25141 -113
31557 25165 -113
31582 25231 -112
31607 25121 -113
31632 25237 -113
31657 25159 -112
31682 25145 -113
31707 25303 -112
31732 25169 -113
31757 24999 -113
31782 25257 -112
31807 25143 -113
31832 25047 -113
31857 25449 -113
31882 25385 -113
31907 25229 -113
31932 25327 -114
31957 25373 -112
31982 25195 -114
32007 25199 -112
32032 25321 -114
32057 25163 -113
32082 25191 -113
32107 25347 -113
32132 25191 -112
32157 25225 -114
32182 25199 -113
32207 25189 -112
32232 25255 -114
32257 25329 -113
32282 24975 -113
32307 25233 -113
32332 25307 -113
32357 25263 -112
32382 25323 -114
32407 25397 -112
32432 25263 -114
32457 25295 -113
32482 25445 -114
32507 25209 -113
32532 25203 -114
32557 25277 -110
32582 25219 -113
32607 25247 -113
32632 25269 -112
32657 24971 -113
32682 25179 -114
32707 25271 -112
32732 25119 -112
32757 24991 -113
32782 25153 -112
32807 25231 -113
32832 25221 -113
32857 25373 -113
32882 25259 -113
32907 25369 -114
32932 25249 -112
32957 25041 -113
32982 25205 -114
33007 25261 -113
33032 25107 -113
33057 25267 -113
33082 25375 -113
33107 25165 -114
33132 25211 -113
33157 25307 -114
33182 25147 -113
33207 25175 -113
33232 25467 -113
33257 25343 -114
33282 25327 -113
33307 25353 -114
33332 25209 -113
33357 25293 -113
33382 25411 -113
33407 25305 -114
33432 25295 -113
33457 25347 -114
33482 25283 -114
33507 25317 -112
33532 25435 -114
33557 25411 -114
33582 25389 -114
33607 25279 -114
33632 25245 -113
33657 25185 -114
33682 25435 -113
33707 25163 -113
33732 25425 -114
33757 25453 -113
33782 25277 -114
33807 25339 -113
33832 25473 -113
33857 25403 -114
33882 25297 -114
33907 25467 -114
33932 25317 -113
33957 25369 -114
33982 25599 -114
34007 25485 -114
34032 25619 -115
34057 25595 -114
34082 25369 -113
34107 25617 -114
34132 25553 -114
34157 25395 -114
34182 25301 -114
34207 25391 -113
34232 25281 -114
34257 25553 -113
34282 25387 -114
34307 25319 -113