7180944.00 1.65 0.00 0.00 -0.01 0.00 
7205682.00 3.30 0.00 0.00 0.00 0.00 
7230684.00 4.94 0.00 0.00 0.00 0.00 
7255771.00 6.59 0.00 0.00 0.01 0.00 
7280675.00 8.24 0.00 0.00 0.00 0.00 
7305705.00 9.89 0.00 0.00 -0.57 0.00 
7330704.00 11.53 2.00 0.00 0.39 0.00 
7355803.00 13.18 6.00 0.00 -0.61 0.00 
7380707.00 14.83 9.00 0.00 -0.46 0.00 
7405702.00 16.48 12.00 0.00 -0.02 0.00 
7430714.00 18.12 12.00 0.00 0.55 0.00 
7455799.00 19.77 14.00 0.00 0.24 0.00 
7480706.00 21.42 17.00 0.00 -0.86 0.00 
7506351.00 23.00 19.00 0.00 0.81 0.00 
7530708.00 23.00 19.00 0.00 0.43 0.00 
7555816.00 23.00 20.00 0.00 0.30 0.00 
7580676.00 23.00 23.00 0.00 1.00 0.00 
7605891.00 23.00 22.00 0.00 0.27 0.00 
7630937.00 23.00 23.00 0.00 0.30 0.00 
7656369.00 23.00 22.00 0.00 0.38 0.00 
7680665.00 23.00 22.00 0.00 0.13 0.00 
7705670.00 23.00 22.00 0.00 -0.05 0.00 
7730684.00 23.00 24.00 0.00 -0.33 0.00 
7755687.00 23.00 22.00 0.00 0.77 0.00 
7780752.00 23.00 23.00 0.00 0.35 0.00 
7806131.00 23.00 24.00 0.00 0.34 0.00 
7830668.00 23.00 22.00 0.00 0.21 0.00 
7855650.00 23.00 23.00 0.00 -0.48 0.00 
7881221.00 23.00 24.00 0.00 0.09 0.00 
7905659.00 23.00 22.00 0.00 0.69 0.00 
7930667.00 23.00 22.00 0.00 -0.28 0.00 
7955661.00 23.00 24.00 0.00 -0.14 0.00 
7980810.00 23.00 22.00 0.00 0.16 0.00 
8005792.00 23.00 24.00 0.00 0.59 0.00 
8030880.00 23.00 22.00 0.00 0.17 0.00 
8055666.00 23.00 23.00 0.00 -0.30 0.00 
8081251.00 23.00 23.00 0.00 0.59 0.00 
8105650.00 23.00 23.00 0.00 0.98 0.00 
8130657.00 23.00 22.00 0.00 0.32 0.00 
8155648.00 23.00 24.00 0.00 -1.06 0.00 
8180712.00 23.00 23.00 0.00 0.06 0.00 
8205644.00 23.00 23.00 0.00 -0.29 0.00 
8230642.00 23.00 23.00 0.00 0.43 0.00 
8255645.00 23.00 22.00 0.00 0.35 0.00 
8280735.00 23.00 24.00 0.00 0.44 0.00 
8305646.00 23.00 22.00 0.00 0.55 0.00 
8330640.00 23.00 23.00 0.00 -0.61 0.00 
8355642.00 21.72 23.00 0.00 -0.29 0.00 
8380710.00 20.44 23.00 0.00 0.42 0.00 
8405648.00 19.16 20.00 0.00 0.64 0.00 
8430640.00 17.87 22.00 0.00 0.40 0.00 
8455645.00 16.59 19.00 0.00 -1.02 0.00 
8480719.00 15.31 18.00 0.00 -0.93 0.00 
8505639.00 14.03 17.00 0.00 0.38 0.00 
8530627.00 12.75 16.00 0.00 0.09 0.00 
8555626.00 11.47 14.00 0.00 -0.61 0.00 
8580713.00 10.19 13.00 0.00 -0.02 0.00 
8605640.00 8.90 10.00 0.00 -0.48 0.00 
8630733.00 7.62 12.00 0.00 0.06 0.00 
8655625.00 6.34 9.00 0.00 0.30 0.00 
8680722.00 5.06 7.00 0.00 -0.52 0.00 
8705886.00 3.78 7.00 0.00 0.02 0.00 
8730870.00 2.50 4.00 0.00 -0.02 0.00 
8755851.00 1.22 4.00 0.00 0.05 0.00 
8780854.00 0.00 4.00 0.00 0.10 0.00 
8805921.00 0.00 0.00 0.00 -0.58 0.00 
8830829.00 0.00 0.00 0.00 0.02 0.00 
8855833.00 0.00 0.00 0.00 0.01 0.00 
8880889.00 0.00 0.00 0.00 0.00 0.00 
8905971.00 0.00 0.00 0.00 0.00 0.00 
8930818.00 0.00 0.00 0.00 0.00 0.00 
8955986.00 0.00 0.00 0.00 0.00 0.00 
8980822.00 0.00 0.00 0.00 0.00 0.00 
9006130.00 0.00 0.00 0.00 0.00 0.00 
9031048.00 0.00 0.00 0.00 0.00 0.00 
9055849.00 0.00 0.00 0.00 0.00 0.00 
9080816.00 0.00 0.00 0.00 0.01 0.00 
9105921.00 0.00 0.00 0.00 0.01 0.00 
9130810.00 0.00 0.00 0.00 0.00 0.00 
9155803.00 0.00 0.00 0.00 -0.01 0.00 
9180806.00 0.00 0.00 0.00 0.01 0.00 
9205908.00 0.00 0.00 0.00 0.01 0.00 
9230819.00 0.00 0.00 0.00 0.00 0.00 
9255803.00 0.00 0.00 0.00 0.00 0.00 
9280796.00 0.00 0.00 0.00 0.00 0.00 
9305957.00 0.00 0.00 0.00 0.00 0.00 
9330809.00 0.00 0.00 0.00 0.02 0.00 
9355792.00 0.00 0.00 0.00 0.00 0.00 
9380836.00 0.00 0.00 0.00 0.00 0.00 
9405859.00 0.00 0.00 0.00 0.02 0.00 
9430863.00 0.00 0.00 0.00 0.00 0.00 
9455798.00 0.00 0.00 0.00 0.01 0.00 
9480786.00 0.00 0.00 0.00 0.00 0.00 
9505834.00 0.00 0.00 0.00 0.00 0.00 
9530808.00 0.00 0.00 0.00 0.00 0.00 
9555831.00 0.00 0.00 0.00 0.00 0.00 
9580780.00 0.00 0.00 0.00 0.01 0.00 
9605825.00 0.00 0.00 0.00 